/content/drive/MyDrive/Datasets/door_dataset/images/02e77bf2f790fdbc.jpg 74,331,191,484,3,0.500610 209,345,301,463,3,0.453682 72,167,193,324,3,0.361594 71,317,193,355,1,0.231417 210,208,306,339,3,0.187358 194,190,217,349,1,0.154103 107,24,193,91,1,0.149148
/content/drive/MyDrive/Datasets/door_dataset/images/262dd05d50281235.jpg 315,447,430,540,2,0.757559 329,564,434,660,2,0.710990 356,474,406,504,1,0.692322 343,577,424,637,1,0.632007 164,5,274,327,2,0.563987 456,361,511,583,2,0.496420 360,590,411,624,1,0.486079 324,384,422,432,1,0.436128 304,42,447,308,2,0.415005 343,465,417,515,1,0.414902 176,307,284,678,3,0.406432 489,361,508,398,1,0.397612 357,395,404,421,1,0.335594 170,335,198,437,1,0.316474 150,331,181,442,1,0.309493 840,303,867,330,1,0.292048 162,0,273,319,3,0.243015 818,53,964,534,0,0.187092 308,370,441,439,2,0.179857 467,191,487,229,1,0.159131 502,349,550,537,2,0.146230 183,306,274,361,1,0.112514 415,239,437,270,1,0.106142
/content/drive/MyDrive/Datasets/door_dataset/images/6a6c4348e1313a0d.jpg 177,391,506,804,3,0.356509
/content/drive/MyDrive/Datasets/door_dataset/images/0c29cab1caddfc83.jpg
/content/drive/MyDrive/Datasets/door_dataset/images/145fdf2ac97867d2.jpg
/content/drive/MyDrive/Datasets/door_dataset/images/1c982d27b6c36e2f.jpg 460,730,576,960,2,0.587483 352,238,410,478,1,0.485874 507,705,546,736,1,0.461307 481,691,570,748,2,0.367113 578,12,699,263,2,0.323535 132,444,363,918,3,0.243672 87,230,118,257,1,0.189908 81,267,398,441,3,0.160781
/content/drive/MyDrive/Datasets/door_dataset/images/7938dcc23ea839f2.jpg
/content/drive/MyDrive/Datasets/door_dataset/images/a8ed87af97e1a9d3.jpg
/content/drive/MyDrive/Datasets/door_dataset/images/007427672a3d5264.jpg 231,200,359,346,2,0.853756 144,185,212,346,2,0.733461 80,164,143,352,2,0.690310 101,183,167,356,2,0.442163 573,200,691,345,2,0.425262 377,193,464,255,2,0.380398 173,198,231,337,2,0.244597 433,217,452,249,1,0.210927 724,215,846,512,0,0.189572 549,224,572,325,1,0.154893 884,214,969,670,3,0.110538
/content/drive/MyDrive/Datasets/door_dataset/images/0231d1c677d693a4.jpg 830,750,1024,864,1,0.283003 733,770,1024,1024,3,0.151570 791,237,1024,879,3,0.115724
/content/drive/MyDrive/Datasets/door_dataset/images/09dcaaf01c06516b.jpg
/content/drive/MyDrive/Datasets/door_dataset/images/91bb5060f2f930d1.jpg
/content/drive/MyDrive/Datasets/door_dataset/images/0eb8c615983f8fde.jpg 137,503,274,864,0,0.659734 282,509,414,848,0,0.597508 281,717,299,754,1,0.203308 283,700,303,737,1,0.135791 279,681,304,755,1,0.111004
/content/drive/MyDrive/Datasets/door_dataset/images/2a4ba364c35f5eb4.jpg 511,578,602,636,2,0.847952 390,543,426,566,1,0.765007 543,597,571,620,1,0.752474 361,529,455,585,2,0.724625 392,576,426,599,1,0.670578 511,668,599,737,2,0.648955 540,693,566,720,1,0.637930 363,559,457,610,2,0.603609 363,622,459,676,2,0.501530 503,640,609,690,2,0.389375 394,621,421,642,1,0.366479 617,719,716,768,2,0.330667 396,637,421,658,1,0.316865 653,737,679,765,1,0.306574 392,552,425,579,1,0.279351 542,640,570,661,1,0.266517 395,658,423,680,1,0.263202 542,581,573,607,1,0.222860 637,638,717,694,2,0.213311 393,673,419,695,1,0.193469 543,657,569,678,1,0.190367 543,678,566,704,1,0.128877 654,656,700,680,1,0.121892 543,614,571,634,1,0.116611
/content/drive/MyDrive/Datasets/door_dataset/images/1437aea69b64e0da.jpg
/content/drive/MyDrive/Datasets/door_dataset/images/99e6b2e3c3cfda19.jpg 352,391,438,638,3,0.501426 226,500,275,574,2,0.437061 279,510,312,575,2,0.365407 223,508,238,530,1,0.360222 422,273,490,342,2,0.357822 477,293,576,676,3,0.321805 11,510,99,620,2,0.294706 353,426,379,564,1,0.280017 170,501,221,582,2,0.259087 86,515,105,537,1,0.248193 201,492,224,514,1,0.246816 382,310,407,336,1,0.236946 234,491,267,514,1,0.224954 423,306,436,335,1,0.222181 340,438,368,551,1,0.209731 401,307,418,333,1,0.192359 44,491,74,510,1,0.187158 462,293,480,325,1,0.183337 208,506,225,529,1,0.180147 89,534,105,583,1,0.165051 97,506,165,589,2,0.156987 220,495,242,516,1,0.151249 290,502,324,583,2,0.150979 117,494,153,510,1,0.132503 188,509,233,569,2,0.120615 338,419,399,579,3,0.119476 361,277,428,342,2,0.117003 154,492,268,589,2,0.113907 90,520,107,560,1,0.100749
/content/drive/MyDrive/Datasets/door_dataset/images/0a68ceae0ff06341.jpg 786,637,804,665,1,0.761047 806,658,882,768,2,0.285178 815,98,858,203,2,0.272285 915,677,1012,768,2,0.270256 857,85,908,294,2,0.206823 770,354,787,385,1,0.180588 792,162,809,198,1,0.169164 799,104,834,203,2,0.151830 776,617,814,684,1,0.129430 804,164,818,195,1,0.126235 783,113,817,208,2,0.125876 918,76,1017,343,2,0.120215 942,714,966,755,1,0.118792 764,608,806,692,2,0.112038 759,657,804,763,2,0.109989 772,238,829,391,2,0.109379 789,644,805,679,1,0.108249
/content/drive/MyDrive/Datasets/door_dataset/images/9cabcae77d6b6d63.jpg
/content/drive/MyDrive/Datasets/door_dataset/images/86496f3f884592bd.jpg 294,674,704,988,3,0.873743 503,134,545,537,1,0.613116 545,135,753,526,3,0.484407 310,156,517,549,3,0.396471 264,628,744,886,3,0.272592 481,156,525,544,1,0.244148 345,622,812,676,1,0.108674
/content/drive/MyDrive/Datasets/door_dataset/images/DOR_S1_116.jpg 381,542,1784,3545,0,0.662092 436,2060,611,2274,1,0.587542
/content/drive/MyDrive/Datasets/door_dataset/images/05ac83beab435e3a.jpg 662,515,741,692,2,0.177909 740,566,760,607,1,0.174557 788,247,1024,705,2,0.170231 274,128,300,147,1,0.147193 737,554,769,623,1,0.111351
/content/drive/MyDrive/Datasets/door_dataset/images/0ca09360855f2b45.jpg 401,660,419,694,1,0.153548 165,484,317,825,0,0.129015 450,553,507,829,0,0.107564
/content/drive/MyDrive/Datasets/door_dataset/images/619a66a0a8e51846.jpg 359,643,391,760,2,0.818648 493,106,551,232,2,0.628224 341,189,364,224,1,0.625728 393,126,433,237,2,0.611635 482,720,494,752,1,0.578017 597,659,615,692,1,0.563328 311,346,356,422,2,0.561086 387,721,398,754,1,0.560308 486,615,541,757,2,0.544251 432,744,445,766,1,0.540012 392,640,432,758,2,0.530428 452,631,512,762,2,0.530110 416,122,474,234,2,0.510164 450,116,511,232,2,0.490656 589,656,604,692,1,0.459412 356,354,393,439,2,0.445315 543,195,560,225,1,0.411281 315,655,358,754,2,0.398220 464,376,511,480,2,0.398065 474,723,486,753,1,0.380294 600,645,619,685,1,0.368267 419,638,469,759,2,0.355491 6,151,136,508,3,0.308194 345,137,395,233,2,0.290354 341,647,366,760,2,0.272307 378,641,401,756,2,0.269422 379,356,440,465,2,0.265933 336,348,371,419,2,0.260578 418,135,444,231,2,0.225644 341,158,370,229,1,0.223153 523,96,582,223,2,0.222938 345,333,365,358,1,0.217926 461,389,489,464,1,0.212503 604,573,676,697,2,0.211981 402,356,464,483,2,0.204601 190,129,239,243,2,0.201788 361,333,383,360,1,0.197983 425,210,438,237,1,0.183132 583,177,604,200,1,0.180684 466,408,483,460,1,0.178128 377,136,407,236,2,0.178112 110,721,122,756,1,0.176771 4,656,86,992,3,0.168186 538,595,595,718,2,0.166287 300,348,333,419,2,0.165524 405,213,423,236,1,0.160868 113,162,157,479,1,0.160241 583,74,690,177,2,0.159163 441,375,474,470,2,0.159005 369,725,382,755,1,0.143642 362,348,381,373,1,0.137193 467,737,487,767,1,0.123064 485,710,495,741,1,0.122323 350,648,364,670,1,0.122284 432,644,442,666,1,0.120845 567,83,621,185,2,0.120463 375,359,407,446,2,0.118546 403,351,427,373,1,0.117721 565,583,629,704,2,0.107115 612,175,651,194,1,0.101142 102,627,166,762,2,0.100659
/content/drive/MyDrive/Datasets/door_dataset/images/4076c48b2cd6bdce.jpg 371,187,533,488,3,0.926813 358,538,539,854,3,0.837798 183,546,358,859,3,0.731613 178,192,373,492,3,0.403057 354,502,538,559,1,0.243071 353,214,388,509,1,0.230619 190,514,348,552,1,0.150750 206,161,509,551,3,0.106091
/content/drive/MyDrive/Datasets/door_dataset/images/55e95a2fb13f7017.jpg 527,495,568,567,1,0.397324 355,134,466,520,2,0.217416 476,164,609,556,2,0.162151 516,195,571,267,1,0.140504 372,416,446,471,1,0.122498 428,183,456,276,1,0.108474 383,210,449,500,1,0.102513 455,101,708,680,0,0.101835 47,469,87,544,1,0.100734
/content/drive/MyDrive/Datasets/door_dataset/images/62f8e1541ed4c442.jpg 182,189,552,476,1,0.220318
/content/drive/MyDrive/Datasets/door_dataset/images/00f0152f65a68569.jpg 0,401,106,646,3,0.438742 138,306,201,455,2,0.389283 680,10,762,127,2,0.302761 527,25,670,168,2,0.289623 161,315,233,450,2,0.172188 100,294,152,455,2,0.166683 0,630,107,673,1,0.155755 63,413,87,435,1,0.148398 437,369,471,475,2,0.125824 683,179,742,414,2,0.118877 664,189,709,400,2,0.113867
/content/drive/MyDrive/Datasets/door_dataset/images/Contemporary-Drawer-Pulls-And-Knobs.jpg 447,578,577,846,2,0.591342 381,491,422,563,1,0.479694 344,468,433,763,2,0.460089 605,529,1024,767,2,0.377303 410,376,571,493,1,0.260517 765,587,856,704,1,0.208008 400,498,436,568,1,0.193749 389,503,412,552,1,0.164057 261,408,620,595,2,0.140585 457,397,510,460,1,0.126955 231,339,648,512,2,0.100123
/content/drive/MyDrive/Datasets/door_dataset/images/0e8a380f9b9511c9.jpg 300,463,388,593,2,0.428635 397,379,420,404,1,0.423049 292,407,371,461,2,0.346657 453,144,477,169,1,0.328587 390,139,406,172,1,0.309126 349,459,375,486,1,0.280915 307,577,393,640,2,0.278561 328,416,355,443,1,0.244473 314,421,337,449,1,0.240362 304,454,382,492,1,0.236001 442,116,490,181,2,0.234208 443,91,491,155,2,0.231381 447,202,474,223,1,0.224073 0,208,122,673,3,0.212860 453,104,478,131,1,0.207030 404,375,429,404,1,0.199866 447,159,478,181,1,0.163622 460,387,507,476,2,0.132660 451,119,481,150,2,0.115263 381,134,395,175,1,0.106343 324,465,367,486,1,0.105831 466,99,487,134,1,0.102494 406,418,436,449,2,0.101785
/content/drive/MyDrive/Datasets/door_dataset/images/3a4aa6f2e2d333cc.jpg 206,45,345,337,3,0.716917 376,389,493,612,3,0.698907 507,385,634,605,3,0.681303 504,109,618,370,3,0.660568 52,9,211,357,3,0.655913 214,424,344,658,3,0.627350 67,413,213,680,3,0.569495 365,87,500,350,3,0.546810 980,60,1015,168,2,0.223154 19,15,388,374,3,0.180056 855,107,898,195,2,0.152490 935,64,984,181,2,0.135728 900,85,933,182,2,0.116410 46,378,348,680,3,0.113993 351,405,390,633,1,0.106117
/content/drive/MyDrive/Datasets/door_dataset/images/126b61892259c81b.jpg 177,350,557,916,3,0.855932 194,49,566,328,3,0.693888
/content/drive/MyDrive/Datasets/door_dataset/images/04d2b124f5bff6ce.jpg 172,658,210,721,1,0.834095 519,528,538,565,1,0.327301 226,13,466,768,0,0.179503 530,0,787,768,0,0.132003 667,472,684,505,1,0.117050
/content/drive/MyDrive/Datasets/door_dataset_freddi/images/1616672130326.jpg 1439,2067,1714,2334,1,0.757676
/content/drive/MyDrive/Datasets/door_dataset/images/5e40cdc400798d34.jpg 589,116,719,335,2,0.661021 534,67,812,374,2,0.235340 186,23,513,283,3,0.167188 914,124,1012,452,2,0.135545 732,135,878,366,2,0.120376 5,477,153,576,2,0.119994
/content/drive/MyDrive/Datasets/door_dataset/images/000da932ca7e68e4.jpg
/content/drive/MyDrive/Datasets/door_dataset/images/c403cb050bb590c3.jpg 795,108,1024,636,3,0.729169 448,99,739,569,3,0.501106 762,620,1017,719,1,0.489275 547,530,738,631,1,0.212791 885,243,1024,573,3,0.194616 397,623,803,768,3,0.180190 779,166,899,565,3,0.179660 648,675,1024,768,3,0.156674 598,110,752,515,3,0.154280 745,151,782,504,1,0.135230
/content/drive/MyDrive/Datasets/door_dataset/images/85ccc9bbdf4d6985.jpg 346,373,375,399,1,0.872341 353,444,383,473,1,0.792623 223,464,264,498,1,0.787327 174,452,409,529,2,0.784562 360,578,392,606,1,0.780302 240,608,281,639,1,0.776363 357,516,387,544,1,0.770977 185,566,419,645,2,0.763974 351,306,378,333,1,0.754644 233,541,269,572,1,0.726964 155,295,312,368,2,0.646234 227,387,255,420,1,0.607857 306,289,426,349,2,0.605612 222,321,244,350,1,0.598913 166,378,393,457,2,0.569372 210,388,245,421,1,0.485122 320,353,417,417,2,0.410951 177,525,422,594,2,0.402829 326,561,435,620,2,0.291374 219,600,304,649,1,0.243179 211,600,294,651,2,0.202292 322,497,437,559,2,0.201739 225,328,247,358,1,0.155446 359,313,393,337,1,0.145487 344,509,397,551,1,0.137477 202,533,293,577,2,0.127895 362,372,389,399,1,0.122305 200,484,437,553,2,0.122099 246,464,269,499,1,0.121772 322,435,415,479,2,0.121569 336,366,386,408,1,0.107685
/content/drive/MyDrive/Datasets/door_dataset/images/703903cbe9c1b9e5.jpg 762,65,898,333,3,0.943760 743,80,775,309,1,0.842807 590,342,614,366,1,0.546312 565,329,641,376,2,0.481375 268,99,292,123,1,0.456044 658,53,758,327,3,0.379087 364,339,390,361,1,0.358063 921,0,1024,482,3,0.322360 258,97,281,124,1,0.259060 699,63,763,320,1,0.255357 615,354,911,438,1,0.218484 581,387,939,624,3,0.208168 903,48,942,362,1,0.194373 702,353,906,436,3,0.193403 744,346,892,388,1,0.188418 564,376,649,532,3,0.175003 706,23,946,337,3,0.173000 651,347,788,389,1,0.130113 553,380,572,403,1,0.128944 668,449,769,579,3,0.124486 262,88,341,474,3,0.120590 39,395,222,645,2,0.108796 764,96,786,291,1,0.108217 634,392,906,466,1,0.104417 271,88,292,116,1,0.101341 348,359,415,502,2,0.100451
/content/drive/MyDrive/Datasets/door_dataset/images/DOR_S1_106.jpg 324,647,1834,3388,0,0.768783 1523,2017,1712,2271,1,0.571333
/content/drive/MyDrive/Datasets/door_dataset/images/129ce8f7369def54.jpg 538,147,617,303,2,0.866869 690,118,767,228,2,0.703843 232,541,256,567,1,0.700058 781,471,811,501,1,0.685948 16,73,143,314,2,0.683694 781,90,854,216,2,0.679534 494,441,513,463,1,0.678062 538,461,560,484,1,0.677126 726,507,851,643,2,0.614939 907,8,1020,179,2,0.606017 190,525,277,581,2,0.596261 289,159,357,300,2,0.583035 379,398,472,437,2,0.561724 884,174,1008,635,3,0.511904 539,424,560,448,1,0.462924 465,163,530,291,2,0.416946 517,447,579,495,2,0.384118 983,282,1020,603,1,0.353510 206,158,246,233,2,0.344322 476,423,528,472,2,0.343309 548,284,567,307,1,0.340747 861,103,893,182,1,0.333374 411,407,434,426,1,0.332752 49,246,164,608,2,0.327216 802,72,872,213,2,0.325552 798,113,836,203,1,0.312736 508,417,589,460,2,0.309233 193,149,223,240,2,0.305707 508,505,580,570,2,0.305409 858,381,982,755,3,0.291361 625,126,689,255,2,0.281747 494,156,560,299,2,0.255789 728,103,789,222,2,0.255283 644,127,714,231,2,0.242235 782,120,816,205,1,0.240554 35,234,167,509,3,0.228640 732,454,855,511,2,0.222523 489,406,516,427,1,0.216539 845,110,873,206,1,0.205992 849,65,905,195,2,0.202646 592,453,722,500,1,0.198936 538,521,567,550,1,0.195626 44,270,148,313,1,0.191685 56,450,160,598,2,0.169187 491,420,514,446,1,0.165413 586,458,721,578,3,0.155108 769,105,795,212,1,0.148697 470,409,538,458,2,0.136868 538,278,553,306,1,0.127509 384,156,452,282,2,0.111226 728,462,835,508,1,0.106177 802,178,825,209,1,0.105266
/content/drive/MyDrive/Datasets/door_dataset/images/0bbea2cd35fe261d.jpg
/content/drive/MyDrive/Datasets/door_dataset/images/029123ba6d20f9b1.jpg 761,490,928,589,2,0.812792 768,372,930,467,2,0.767327 766,605,919,707,2,0.642160 764,677,925,756,2,0.426505 853,519,896,560,1,0.340677 844,405,881,438,1,0.274210 840,652,874,691,1,0.232609 854,653,891,693,1,0.190081 840,509,911,570,1,0.145886 822,390,907,447,1,0.132224 19,178,92,397,1,0.130657 713,536,957,714,2,0.121819 766,611,792,647,1,0.120078 700,466,966,629,2,0.113142
/content/drive/MyDrive/Datasets/door_dataset/images/1c23b05368657306.jpg 648,408,717,441,1,0.908174 666,556,738,599,1,0.839250 634,757,715,797,1,0.837676 275,559,348,600,1,0.832184 235,367,398,478,2,0.831550 636,647,716,678,1,0.823832 296,410,366,445,1,0.816579 303,758,380,796,1,0.731800 295,651,379,679,1,0.630877 533,364,790,473,2,0.519530 205,523,441,625,2,0.503109 296,639,730,803,2,0.351561 541,729,782,805,2,0.351239 303,708,720,805,2,0.330023 239,729,478,802,2,0.265875 460,375,797,567,2,0.261902 275,569,748,717,2,0.247191 221,631,471,702,2,0.152437 444,324,788,507,2,0.151882 373,480,800,641,2,0.117679
/content/drive/MyDrive/Datasets/door_dataset/images/520492e209ebc73a.jpg 408,307,542,443,2,0.252896 576,68,707,317,3,0.201968 83,17,164,175,2,0.158971 559,269,702,463,3,0.133758 373,315,449,434,2,0.112730
/content/drive/MyDrive/Datasets/door_dataset/images/6a895268f06332ec.jpg 646,258,990,768,3,0.124596
/content/drive/MyDrive/Datasets/door_dataset/images/copper-kitchen-handles-modern-copper-t-pull-handle-drawer-pull-cabinet-hardware-kitchen-cupboard-pulls-cabinet-pull-drawer-handles-knobs-and-pulls-polished-copper-cabinet-handles.jpg
/content/drive/MyDrive/Datasets/door_dataset/images/625cad7128855737.jpg 1,17,229,540,2,0.834956 786,22,997,528,2,0.755080 254,33,509,523,2,0.665200 214,441,243,512,1,0.525515 766,448,790,507,1,0.522634 513,30,753,528,2,0.503758 256,445,280,506,1,0.503579 731,452,755,505,1,0.188735 739,443,770,513,1,0.139537 225,435,258,518,1,0.114396
/content/drive/MyDrive/Datasets/door_dataset/images/0e9191e310909562.jpg
/content/drive/MyDrive/Datasets/door_dataset_freddi/images/1616672130403.jpg 1763,2275,2053,2516,1,0.652565 571,362,2201,3916,0,0.485432
/content/drive/MyDrive/Datasets/door_dataset/images/images9.jpeg 94,77,114,137,1,0.610210 134,80,154,137,1,0.588994 165,0,257,112,2,0.568294 6,2,84,120,2,0.505359 135,70,150,89,1,0.248438 91,59,116,142,1,0.197038 102,7,181,148,2,0.176004 94,71,110,88,1,0.151199 129,50,159,138,1,0.123120 57,8,132,147,2,0.109074
/content/drive/MyDrive/Datasets/door_dataset/images/001bdfc9d80eead2.jpg 449,35,540,171,2,0.780281 523,124,546,160,1,0.357993 535,124,555,161,1,0.158009
/content/drive/MyDrive/Datasets/door_dataset/images/2dc9dd0bc5e8cfe8.jpg 440,101,539,143,1,0.899057 70,388,182,444,1,0.873049 448,217,540,263,1,0.839837 347,104,694,276,2,0.500530 431,182,666,311,2,0.378539 434,75,674,176,2,0.277293 341,412,657,645,2,0.240039 223,54,797,205,2,0.229974 20,394,323,626,2,0.191863 667,112,977,525,2,0.175234 662,81,979,313,2,0.144370 0,346,284,576,2,0.125664
/content/drive/MyDrive/Datasets/door_dataset/images/0d67358e7358ee00.jpg
/content/drive/MyDrive/Datasets/door_dataset/images/0c6d76c010c29ef5.jpg 481,234,729,1024,0,0.134828
/content/drive/MyDrive/Datasets/door_dataset/images/0c0edea113b641c3.jpg 220,329,284,457,0,0.294557 257,328,317,457,0,0.179843 184,328,246,456,0,0.170051
/content/drive/MyDrive/Datasets/door_dataset/images/1a1dc4f649c70562.jpg 667,231,791,683,3,0.199015 549,174,652,683,3,0.137542
/content/drive/MyDrive/Datasets/door_dataset/images/0941c98ad83fb227.jpg 679,511,784,658,2,0.936938 778,522,881,681,2,0.838786 385,576,455,752,2,0.837467 419,117,484,319,2,0.831485 891,519,977,692,2,0.820864 225,607,258,639,1,0.802785 608,136,708,324,2,0.799152 599,503,677,650,2,0.746648 900,500,927,521,1,0.745667 762,524,787,550,1,0.738854 200,588,293,655,2,0.702277 388,592,413,623,1,0.699768 370,101,438,321,2,0.692663 504,134,584,322,2,0.677210 227,699,261,739,1,0.640843 314,607,386,768,2,0.598740 202,670,302,764,2,0.588506 885,105,1000,341,2,0.564346 874,483,957,534,2,0.544758 639,498,674,523,1,0.542543 1,0,110,138,2,0.534252 17,163,196,626,3,0.524462 27,307,192,768,3,0.454870 887,542,908,563,1,0.428677 477,514,537,697,2,0.355785 789,114,900,173,2,0.354934 647,514,669,535,1,0.328566 454,131,512,310,2,0.320721 845,522,912,684,2,0.295334 410,555,467,744,2,0.293927 639,484,672,514,1,0.259127 6,446,50,758,1,0.218569 704,119,803,184,2,0.205463 541,494,602,651,2,0.182496 378,594,403,626,1,0.176332 577,505,649,660,2,0.150459 951,498,972,526,1,0.150273 786,146,806,174,1,0.148264 351,108,422,349,2,0.137637 511,302,529,331,1,0.135932 620,471,693,520,2,0.117519
/content/drive/MyDrive/Datasets/door_dataset/images/c46bb611a0fc82cb.jpg 282,357,442,708,3,0.940908 104,347,276,711,3,0.915936 252,362,293,713,1,0.895848 132,766,381,838,1,0.522567 295,156,440,351,2,0.495223 115,155,260,351,2,0.489224 241,286,266,328,1,0.488696 281,283,304,327,1,0.459139 73,780,448,1001,3,0.458282 277,384,329,676,1,0.353904 217,363,274,704,1,0.351581 0,245,248,798,3,0.183987
/content/drive/MyDrive/Datasets/door_dataset/images/24d85bfa05316aa6.jpg 228,200,306,318,2,0.721533 137,200,214,319,2,0.667492 553,224,614,318,2,0.651309 600,221,641,327,2,0.565674 782,219,817,320,2,0.337018 640,219,679,330,2,0.334399 69,195,136,315,2,0.269425 893,206,985,260,2,0.245431 238,451,289,533,2,0.223137 307,198,369,315,2,0.211057 736,211,782,276,2,0.185945 807,267,949,551,3,0.177981 298,448,350,531,2,0.169156 694,209,744,271,2,0.163776 660,219,697,303,2,0.160485 619,218,661,327,2,0.155235 96,198,166,315,2,0.136906 451,432,470,470,1,0.132916 841,208,910,265,2,0.107881
/content/drive/MyDrive/Datasets/door_dataset/images/3c027963e04af26b.jpg 952,223,1024,354,1,0.508397 738,120,1024,405,2,0.326380 65,272,114,326,1,0.173232 142,183,572,385,2,0.132338 95,108,610,273,2,0.120827 753,407,1024,608,2,0.115623 155,320,561,524,2,0.100629
/content/drive/MyDrive/Datasets/door_dataset/images/0b581e0f018c7f78.jpg 201,574,244,627,1,0.805146 856,344,885,385,1,0.698912 178,461,219,519,1,0.613429 784,242,948,339,2,0.603461 528,410,567,462,1,0.591724 889,266,923,309,1,0.527940 399,356,783,514,2,0.460786 17,418,416,582,2,0.421044 789,330,933,414,2,0.372852 19,486,410,653,2,0.363743 0,369,457,495,2,0.225226 667,370,698,407,1,0.210452 285,296,884,420,2,0.118144
/content/drive/MyDrive/Datasets/door_dataset/images/0cf216bef1ec8e21.jpg 455,374,533,511,0,0.327654 377,375,440,507,0,0.146695
/content/drive/MyDrive/Datasets/door_dataset/images/images14.jpeg 198,145,220,175,1,0.204772 132,148,143,165,1,0.171313
/content/drive/MyDrive/Datasets/door_dataset/images/DOR_S1_115.jpg 169,307,2013,2729,0,0.873473 318,1829,555,1984,1,0.836221 691,152,1816,2218,0,0.114200
/content/drive/MyDrive/Datasets/door_dataset/images/0eb1595ccaca0013.jpg
/content/drive/MyDrive/Datasets/door_dataset/images/7ac63f2fa873f953.jpg 409,435,533,495,2,0.642804 452,524,482,545,1,0.616686 452,455,482,479,1,0.586470 453,466,484,485,1,0.506467 421,607,447,630,1,0.500227 407,496,536,556,2,0.431780 425,660,529,722,2,0.299275 411,555,533,619,2,0.282789 165,592,181,616,1,0.255902 477,673,508,700,1,0.234499 406,609,537,701,2,0.176753 100,587,200,643,2,0.162365 419,661,446,686,1,0.159858 452,586,483,607,1,0.158093 392,651,510,707,2,0.128404 394,592,505,644,2,0.101872 446,479,531,529,2,0.100227
/content/drive/MyDrive/Datasets/door_dataset/images/7102abdbcecd48ee.jpg 406,53,705,517,2,0.579593 774,43,1021,570,2,0.451592 141,2,380,84,2,0.413404 743,397,816,483,1,0.353066 638,403,687,471,1,0.318058 384,437,604,736,2,0.263958 531,447,685,742,2,0.182960 756,310,1024,768,2,0.168686 0,370,108,669,3,0.162032 397,7,658,87,2,0.125396 429,419,714,679,2,0.102769
/content/drive/MyDrive/Datasets/door_dataset/images/83a84d6f5d196951.jpg
/content/drive/MyDrive/Datasets/door_dataset_freddi/images/1616672130372.jpg 978,1688,1272,1938,1,0.795237 406,0,2463,3767,0,0.414588
/content/drive/MyDrive/Datasets/door_dataset/images/0ecd790e25be8411.jpg
/content/drive/MyDrive/Datasets/door_dataset/images/5de300995c93ef8b.jpg 10,9,402,439,3,0.331631 62,279,361,928,3,0.274264 422,368,724,929,3,0.227343
/content/drive/MyDrive/Datasets/door_dataset/images/9a813326a1868a55.jpg
/content/drive/MyDrive/Datasets/door_dataset/images/ad71c03f761e1072.jpg 739,395,762,424,1,0.215227 788,139,934,598,2,0.195861
/content/drive/MyDrive/Datasets/door_dataset/images/0e1c63e30964dc3b.jpg 268,380,308,453,1,0.240078 335,88,675,591,0,0.114006
/content/drive/MyDrive/Datasets/door_dataset/images/dc78d1dede3ceba5.jpg 232,202,344,306,2,0.436855 330,465,349,509,1,0.420547 925,609,1024,739,2,0.227190 323,464,338,512,1,0.208599 75,138,199,593,2,0.193549 571,227,642,359,2,0.127968 51,468,77,520,1,0.116440
/content/drive/MyDrive/Datasets/door_dataset/images/images1.jpeg
/content/drive/MyDrive/Datasets/door_dataset/images/00bccfe3f3c8ae6b.jpg 495,588,529,622,1,0.679722 433,672,577,755,2,0.654119 434,464,583,553,2,0.577806 502,508,532,542,1,0.570140 530,14,625,162,2,0.547524 401,8,504,154,2,0.536613 297,417,421,688,2,0.493849 490,660,528,694,1,0.484206 458,648,559,707,2,0.448996 255,76,279,121,1,0.401125 447,570,573,646,2,0.394270 481,495,522,535,1,0.390172 668,5,792,114,2,0.380865 975,639,1019,693,1,0.378923 625,644,750,768,2,0.362442 405,566,428,608,1,0.331136 201,640,241,686,1,0.286054 487,580,527,620,1,0.207519 464,580,552,627,2,0.203505 271,0,343,125,2,0.197656 465,489,548,543,2,0.177569 498,2,514,35,1,0.177190 114,259,141,286,1,0.124485 432,517,583,595,2,0.113296 838,14,1024,150,2,0.112447 268,78,286,122,1,0.100553
/content/drive/MyDrive/Datasets/door_dataset/images/0d5fe284d37c8c1c.jpg 452,235,484,349,1,0.352322 510,291,546,369,1,0.199054
/content/drive/MyDrive/Datasets/door_dataset/images/0d0179a3ee895b81.jpg 348,892,370,917,1,0.277122 765,914,868,1000,2,0.242757 779,1008,813,1023,1,0.184598 403,870,433,890,1,0.171659 651,404,789,516,2,0.167975 435,926,454,954,1,0.105825
/content/drive/MyDrive/Datasets/door_dataset/images/4b0373749941c8b8.jpg 388,152,447,322,1,0.206055
/content/drive/MyDrive/Datasets/door_dataset/images/images4.jpeg 186,127,230,163,1,0.361938
/content/drive/MyDrive/Datasets/door_dataset/images/24e3ee52ac1821a9.jpg 659,36,722,220,2,0.799725 579,51,639,214,2,0.700843 572,162,588,212,1,0.515133 613,41,674,216,2,0.469091 526,61,586,209,2,0.340165 507,79,572,220,2,0.274639 762,156,788,186,1,0.200461 277,176,298,327,1,0.195589 354,328,416,374,2,0.160109 689,44,741,208,2,0.155965 395,174,408,211,1,0.154323 516,165,527,214,1,0.144306 391,101,417,224,2,0.143528 274,142,322,420,3,0.115902 355,337,377,369,1,0.115289
/content/drive/MyDrive/Datasets/door_dataset/images/994a97bc1ec49cf2.jpg 688,401,868,491,2,0.877871 679,584,850,685,2,0.867945 684,491,862,582,2,0.840456 764,532,797,568,1,0.758139 687,294,876,388,2,0.712636 772,435,804,471,1,0.611094 760,625,791,662,1,0.579377 144,509,181,546,1,0.474030 687,202,875,293,2,0.461447 772,344,798,376,1,0.394405 12,455,318,661,2,0.332269 140,631,195,674,1,0.314890 778,252,805,281,1,0.293265 3,291,323,479,2,0.269544 7,364,320,560,2,0.268591 136,376,189,412,1,0.255729 133,243,169,272,1,0.249086 1,219,323,402,2,0.191430 0,514,288,722,2,0.146419 777,351,803,381,1,0.137257
/content/drive/MyDrive/Datasets/door_dataset/images/92d37f69abfba9de.jpg 578,346,627,435,1,0.200605
/content/drive/MyDrive/Datasets/door_dataset/images/1c058e55368fcd1e.jpg 720,360,760,383,1,0.678732 817,196,845,298,1,0.626760 720,497,748,522,1,0.554152 699,343,785,396,2,0.518309 722,430,755,456,1,0.515112 695,480,774,536,2,0.471023 694,410,782,465,2,0.373473 829,50,941,545,3,0.135290 808,180,837,292,1,0.119407
/content/drive/MyDrive/Datasets/door_dataset/images/a6c770c55743d796.jpg 96,608,121,648,1,0.730597 17,629,45,663,1,0.524499 0,601,68,683,2,0.487643 101,652,120,682,1,0.344499 78,573,284,679,2,0.282482 315,507,442,683,2,0.279516 5,619,55,671,2,0.252132 420,37,495,234,2,0.205335 215,534,305,683,2,0.131924 60,588,154,667,2,0.104597
/content/drive/MyDrive/Datasets/door_dataset/images/0cb3741255649fbc.jpg 46,148,276,869,3,0.199301 349,58,604,807,0,0.100262
/content/drive/MyDrive/Datasets/door_dataset/images/00a1675e670756a1.jpg 261,339,808,640,2,0.534185 226,97,809,361,2,0.242542 390,437,676,519,1,0.228107
/content/drive/MyDrive/Datasets/door_dataset/images/aa46fa285ca71cee.jpg 973,86,1018,139,1,0.791042 685,463,726,526,1,0.779919 976,162,1018,214,1,0.681477 346,116,388,174,1,0.673232 699,566,742,627,1,0.673069 407,360,445,417,1,0.672003 233,472,256,500,1,0.668879 133,188,164,230,1,0.659245 265,533,505,612,2,0.659162 984,370,1022,437,1,0.653309 462,562,492,610,1,0.647460 150,443,177,474,1,0.645626 983,245,1020,299,1,0.643774 670,371,712,437,1,0.643686 637,176,676,220,1,0.642061 285,609,488,684,2,0.631660 264,553,282,578,1,0.624942 377,247,417,313,1,0.586477 431,453,471,510,1,0.541421 384,649,410,684,1,0.533557 993,586,1022,635,1,0.504916 190,361,222,407,1,0.504228 249,526,275,555,1,0.501672 996,687,1021,730,1,0.499649 156,259,188,302,1,0.493929 321,455,359,491,1,0.492703 199,552,218,576,1,0.487179 648,243,689,301,1,0.480853 117,136,149,178,1,0.473742 657,288,693,342,1,0.471811 717,658,750,695,1,0.458353 627,99,669,157,1,0.448087 287,631,312,662,1,0.446497 156,450,182,483,1,0.440542 220,443,245,478,1,0.423810 100,298,122,325,1,0.421866 131,370,152,408,1,0.419370 388,290,417,336,1,0.419068 986,394,1020,459,1,0.380692 215,603,237,629,1,0.376946 986,481,1024,544,1,0.373058 476,635,504,671,1,0.372312 109,422,222,492,2,0.360063 359,183,393,226,1,0.352959 988,300,1018,342,1,0.352158 721,685,753,729,1,0.343811 715,655,753,714,1,0.322682 850,707,889,750,1,0.320738 224,450,251,492,1,0.317900 998,628,1020,668,1,0.315875 190,535,213,564,1,0.313042 116,356,151,396,1,0.292389 721,664,1000,755,2,0.282771 279,608,304,642,1,0.281355 87,261,112,294,1,0.278667 181,524,208,551,1,0.274171 443,481,470,524,1,0.270799 67,195,91,225,1,0.267559 990,497,1022,568,1,0.264201 168,294,194,329,1,0.257439 182,589,278,649,2,0.245057 599,676,633,715,1,0.244873 500,642,783,723,2,0.244020 191,434,499,515,2,0.243585 694,471,728,540,1,0.234798 991,590,1023,665,1,0.222837 266,148,920,308,2,0.216452 582,379,1024,548,2,0.216222 149,511,256,577,2,0.208672 602,459,1024,623,2,0.206453 1001,730,1022,768,1,0.204287 468,531,744,624,2,0.195992 377,254,404,293,1,0.195418 251,224,878,390,2,0.188382 680,554,1006,665,2,0.184818 562,304,1024,469,2,0.183701 297,383,845,544,2,0.183235 271,302,866,469,2,0.181239 313,466,822,618,2,0.172468 55,246,241,332,2,0.150119 508,145,1024,310,2,0.145079 552,226,1024,388,2,0.144442 230,595,334,664,2,0.141308 88,341,172,411,2,0.139718 163,334,449,419,2,0.134408 334,82,1019,228,2,0.134174 707,585,735,627,1,0.127802 354,536,832,686,2,0.122840 219,610,243,638,1,0.117624 456,548,489,601,1,0.114926 161,470,184,498,1,0.113855 999,482,1021,517,1,0.109266
/content/drive/MyDrive/Datasets/door_dataset/images/00e5c93e53ada7cd.jpg 400,292,522,753,0,0.478836 384,503,403,536,1,0.189397 245,240,374,697,0,0.187058 253,553,301,603,1,0.180830
/content/drive/MyDrive/Datasets/door_dataset/images/images12.jpeg 4,81,87,181,1,0.186924 0,38,205,149,1,0.132041
/content/drive/MyDrive/Datasets/door_dataset/images/0c07f16af20bdc98.jpg 485,0,613,249,2,0.958942 336,0,456,218,2,0.803976 632,0,779,282,2,0.761937 255,0,325,225,2,0.631105 727,593,886,683,2,0.573121 129,0,241,89,2,0.431591 724,537,895,632,2,0.258493 367,468,458,653,2,0.142711 0,5,100,61,2,0.112735 765,626,869,670,1,0.111413 450,481,705,555,1,0.104364
/content/drive/MyDrive/Datasets/door_dataset/images/0ec4f09ebbb22648.jpg 45,167,345,657,0,0.888766 92,378,127,438,1,0.725225
/content/drive/MyDrive/Datasets/door_dataset/images/415de5fd4c5877ac.jpg 491,236,563,382,2,0.839079 581,231,647,388,2,0.720352 381,338,474,637,3,0.645823 353,226,417,312,2,0.572277 504,504,536,521,1,0.428519 673,161,714,327,2,0.428322 692,159,749,318,2,0.382727 417,232,477,315,2,0.320215 397,307,413,333,1,0.269245 530,242,588,382,2,0.266014 485,498,559,525,2,0.222985 392,316,415,344,1,0.200020 307,211,348,337,2,0.192923 569,540,588,567,1,0.185651 571,554,590,583,1,0.175155 411,304,426,331,1,0.170946 728,154,786,327,2,0.162702 469,232,528,365,2,0.161829 560,538,573,565,1,0.135002 382,238,415,304,2,0.119500 683,308,708,329,1,0.116964 409,235,437,307,2,0.113980
/content/drive/MyDrive/Datasets/door_dataset/images/ee4168f2dedb6fff.jpg 640,95,736,544,2,0.645281 62,60,305,714,2,0.542436 498,63,617,568,2,0.518037 322,325,354,384,1,0.419212 89,315,122,382,1,0.412789 739,162,819,587,2,0.385400 960,356,980,392,1,0.365578 418,29,607,627,2,0.318149 625,218,719,642,2,0.302341 331,9,498,594,2,0.301666 490,105,610,660,2,0.297801 601,348,622,386,1,0.266567 924,220,1009,560,2,0.246909 813,135,908,574,2,0.228830 717,350,735,386,1,0.213956 327,349,351,384,1,0.198609 889,355,907,390,1,0.177833 879,155,981,536,2,0.141546 16,312,54,382,1,0.139501 833,200,931,598,2,0.134511 599,337,617,383,1,0.108312 812,351,830,386,1,0.107242 648,128,1004,657,2,0.106592 970,267,1019,547,2,0.103252
/content/drive/MyDrive/Datasets/door_dataset/images/0e759e74589524b3.jpg 217,226,352,614,0,0.232802 351,275,477,518,0,0.138196 331,363,357,463,1,0.122947
/content/drive/MyDrive/Datasets/door_dataset/images/9891fb8e58773939.jpg 283,35,447,415,3,0.807947 482,579,638,897,3,0.770192 256,492,505,564,1,0.416564 465,47,570,400,3,0.371419 434,508,659,579,1,0.267449 283,573,492,895,3,0.217799 416,48,464,344,1,0.164338
/content/drive/MyDrive/Datasets/door_dataset/images/46dccf0478d760a5.jpg 475,89,873,688,3,0.117710
/content/drive/MyDrive/Datasets/door_dataset/images/853fe459e120ecbb.jpg 249,70,369,366,3,0.541511 380,78,483,490,3,0.422845 271,363,381,407,1,0.333895 174,335,261,378,1,0.254003 141,62,238,353,2,0.246310 467,116,505,492,1,0.216798 185,367,266,501,2,0.149731 467,65,509,351,1,0.141463
/content/drive/MyDrive/Datasets/door_dataset/images/9d6902fe81a62012.jpg 695,200,784,261,2,0.688243 512,227,571,316,2,0.494656 648,205,708,262,2,0.298364 910,280,1024,680,3,0.255993 781,437,896,484,1,0.138291 454,455,527,592,2,0.131519 568,225,632,314,2,0.128421 547,224,600,319,2,0.122386 791,449,897,589,3,0.118872 322,528,431,680,2,0.109875 431,478,496,624,2,0.108616 140,508,311,605,2,0.105320 801,193,874,303,2,0.103778
/content/drive/MyDrive/Datasets/door_dataset/images/232b254322144b9b.jpg
/content/drive/MyDrive/Datasets/door_dataset/images/69b2a3bd238c5ff8.jpg 563,676,656,992,2,0.408059 627,714,663,771,1,0.400999 287,108,603,615,3,0.388027 658,764,756,1016,2,0.339292 37,137,276,742,2,0.238447 635,729,661,773,1,0.225353 132,91,281,202,2,0.221746 624,715,648,761,1,0.174888 603,738,663,1002,2,0.157160 293,125,600,697,2,0.129190
/content/drive/MyDrive/Datasets/door_dataset/images/78387993904abdee.jpg
/content/drive/MyDrive/Datasets/door_dataset/images/8f24ccd5d86243b5.jpg 603,84,756,406,3,0.778197 419,79,565,393,3,0.771461 546,80,597,419,1,0.763234 578,72,622,417,1,0.757304 405,539,755,768,3,0.432319 399,453,755,525,1,0.355969 355,522,805,725,3,0.334004 427,472,768,545,1,0.319105 393,93,428,419,1,0.251416 509,92,568,406,1,0.156569 10,466,405,767,3,0.111750 478,515,730,582,1,0.106591
/content/drive/MyDrive/Datasets/door_dataset/images/bf289fad3606ef7d.jpg
/content/drive/MyDrive/Datasets/door_dataset/images/7ce3da7b5c28e8aa.jpg 347,1003,398,1024,1,0.264536 318,227,604,436,2,0.164253 317,997,425,1024,2,0.125104 85,230,356,479,2,0.103953
/content/drive/MyDrive/Datasets/door_dataset/images/97aaf76bd6fad8a9.jpg 238,146,513,772,0,0.708711 235,403,274,466,1,0.487282 327,246,409,324,1,0.312389
/content/drive/MyDrive/Datasets/door_dataset/images/603dd33e938d9611.jpg 16,88,273,861,3,0.636264 306,291,662,1024,3,0.443853 306,7,340,49,1,0.384212 243,8,279,52,1,0.329394 278,6,535,69,2,0.261388 8,432,300,1024,3,0.211915 43,5,286,74,2,0.198009 19,777,49,820,1,0.192368 390,121,509,478,3,0.160877 318,0,658,731,3,0.146908
/content/drive/MyDrive/Datasets/door_dataset/images/00f6a80e7f1a229a.jpg 687,816,727,854,1,0.575635 618,832,767,931,2,0.566973 706,676,747,714,1,0.515789 667,861,739,905,1,0.501532 688,724,757,762,1,0.437564 669,956,706,993,1,0.423657 669,1001,710,1021,1,0.410442 569,822,768,1000,2,0.387688 565,735,768,921,2,0.312694 623,676,768,780,2,0.246237 623,930,751,1015,2,0.224541 554,657,768,850,2,0.212931 187,133,255,193,1,0.179533 637,967,737,1020,2,0.177197 670,810,742,862,1,0.137384 691,666,761,723,1,0.126143 639,998,738,1024,2,0.112281
/content/drive/MyDrive/Datasets/door_dataset/images/1bb158ab4884139f.jpg 609,493,717,534,2,0.720681 275,456,295,489,1,0.480454 629,428,652,445,1,0.451373 691,464,713,481,1,0.427306 688,425,710,444,1,0.416825 628,504,653,524,1,0.400640 616,457,708,490,2,0.385589 280,533,301,573,1,0.372287 632,463,655,481,1,0.362074 264,432,309,504,2,0.336852 688,502,710,521,1,0.319203 287,534,310,568,1,0.231191 661,248,716,403,2,0.226515 583,243,649,405,2,0.183785 599,414,695,458,2,0.178354 278,515,324,588,2,0.162221 274,511,308,593,1,0.156238 869,399,888,431,1,0.137604 293,680,318,714,1,0.126426 276,607,297,643,1,0.124928 618,469,736,515,2,0.118385 611,251,676,397,2,0.112516 273,525,305,607,2,0.102004
/content/drive/MyDrive/Datasets/door_dataset/images/06d3587094d5c496.jpg
/content/drive/MyDrive/Datasets/door_dataset/images/7e0ad693d944c119.jpg
/content/drive/MyDrive/Datasets/door_dataset/images/4267079863bd27fa.jpg 637,121,684,228,2,0.736594 855,151,973,466,3,0.734562 688,362,712,384,1,0.595806 612,378,638,402,1,0.593438 313,418,371,589,2,0.587427 181,116,197,144,1,0.583727 548,393,576,417,1,0.557167 599,130,640,219,2,0.547933 695,116,742,236,2,0.541905 886,116,906,146,1,0.513024 627,203,638,222,1,0.498370 661,125,693,223,2,0.498042 599,440,632,464,1,0.400549 350,130,403,260,2,0.400254 620,203,632,219,1,0.366298 686,126,708,221,2,0.365960 581,127,622,226,2,0.365221 624,132,648,213,2,0.362318 809,94,908,164,2,0.351364 157,429,180,452,1,0.326411 903,92,1005,161,2,0.321373 438,406,469,435,1,0.317665 749,338,772,359,1,0.279244 192,116,206,144,1,0.271864 406,119,440,260,2,0.265669 450,126,478,246,2,0.257865 385,125,420,257,2,0.245363 457,474,476,501,1,0.242216 569,365,676,420,2,0.234517 391,245,409,264,1,0.226329 478,130,524,219,2,0.224370 688,204,697,224,1,0.219591 408,394,503,452,2,0.211754 258,415,311,567,2,0.206220 380,242,395,262,1,0.203124 680,205,691,222,1,0.199830 430,116,456,263,2,0.184792 720,112,752,242,2,0.172255 509,374,616,437,2,0.172095 312,119,338,224,2,0.165324 750,104,767,275,2,0.164964 776,153,853,485,3,0.155095 745,117,791,275,2,0.154590 687,216,703,237,1,0.154167 550,380,576,409,1,0.138188 125,407,219,466,2,0.122717 575,432,644,602,2,0.118284 308,127,361,262,2,0.118173 199,76,249,156,2,0.111540 676,217,691,238,1,0.110195 271,96,321,235,2,0.110071 664,350,733,392,2,0.107869 140,79,193,151,2,0.106519 337,213,349,250,1,0.104519 863,199,883,344,1,0.101054
/content/drive/MyDrive/Datasets/door_dataset/images/0e65809d7dfb4af4.jpg 491,500,518,521,1,0.936038 495,557,516,579,1,0.877165 464,480,549,539,2,0.797733 156,532,229,675,2,0.790640 26,548,136,710,2,0.767477 491,448,514,470,1,0.767156 414,482,433,502,1,0.730694 469,528,546,600,2,0.660827 348,447,367,468,1,0.640509 489,456,519,475,1,0.583200 357,480,370,497,1,0.536028 125,550,142,579,1,0.471577 341,483,384,561,2,0.411587 133,547,152,577,1,0.399370 452,436,554,484,2,0.387236 151,540,177,568,1,0.378424 383,489,429,574,2,0.354166 342,445,361,464,1,0.347221 420,494,464,571,2,0.285596 350,455,374,477,1,0.261666 394,542,415,567,1,0.257460 634,477,661,498,1,0.249053 32,553,146,588,1,0.240137 311,435,413,475,2,0.227277 493,544,518,572,1,0.222021 254,463,282,563,2,0.215972 349,478,499,574,2,0.208268 420,482,449,500,1,0.176481 480,541,535,594,2,0.164147 326,473,371,556,2,0.149042 253,537,274,565,1,0.104484 349,439,501,471,2,0.102927
/content/drive/MyDrive/Datasets/door_dataset/images/0d289d83a71e8042.jpg 394,314,425,392,1,0.429920 353,313,386,390,1,0.380774 353,25,693,647,0,0.180725 147,0,395,711,0,0.151765 444,548,639,645,1,0.142360 356,419,666,666,2,0.118233
/content/drive/MyDrive/Datasets/door_dataset/images/0df8cb86b756c8b6.jpg 174,300,310,651,3,0.322566 323,289,477,642,3,0.248951 326,243,476,629,0,0.209713 176,233,308,642,0,0.169470
/content/drive/MyDrive/Datasets/door_dataset_freddi/images/1616672130409.jpg 2159,2065,2366,2289,1,0.760409 810,307,2572,3918,0,0.407740
/content/drive/MyDrive/Datasets/door_dataset/images/b321b5ba60312f26.jpg 233,760,261,790,1,0.820893 483,758,513,793,1,0.807465 60,746,171,997,2,0.771526 235,828,264,860,1,0.694662 577,872,607,907,1,0.684715 236,918,267,957,1,0.622667 477,824,510,864,1,0.610275 563,749,681,968,2,0.600359 139,874,160,906,1,0.469222 242,935,511,1016,2,0.446876 243,842,492,933,2,0.364992 10,769,38,800,1,0.355872 232,812,531,1010,2,0.349935 478,912,509,970,1,0.339068 253,761,495,841,2,0.284682 118,352,188,585,2,0.242944 0,846,20,940,1,0.238642 0,799,48,981,1,0.206016 0,775,113,1024,2,0.198948 243,803,495,895,2,0.158574 0,752,53,812,2,0.119364 447,747,544,804,2,0.118610 193,747,311,803,2,0.111051
/content/drive/MyDrive/Datasets/door_dataset/images/1adffb670386a3fd.jpg 630,45,691,204,2,0.442534 468,467,600,521,2,0.336905 485,352,600,398,2,0.269571 607,360,692,506,2,0.196607 477,343,606,374,1,0.145824 459,353,606,446,2,0.139154 480,394,595,435,1,0.116379
/content/drive/MyDrive/Datasets/door_dataset/images/19ee86fe4f079747.jpg 361,389,395,417,1,0.239325 293,410,316,439,1,0.238619 462,394,492,416,1,0.135963 692,566,744,645,2,0.112573
/content/drive/MyDrive/Datasets/door_dataset/images/DOR_S1_103.jpg 310,390,2303,3963,0,0.882855 2020,2519,2260,2704,1,0.650216
/content/drive/MyDrive/Datasets/door_dataset/images/0d48ba24443fb53a.jpg 417,103,510,269,2,0.940182 511,92,616,263,2,0.934849 841,55,974,257,2,0.887320 334,91,409,264,2,0.876351 230,58,321,262,2,0.851939 725,61,831,132,2,0.797534 223,552,318,677,2,0.778191 622,71,719,145,2,0.748597 469,465,604,648,2,0.703708 330,489,435,660,2,0.650200 866,473,1011,663,2,0.519784 301,75,363,263,2,0.466590 45,505,196,606,2,0.455193 191,576,219,677,1,0.442712 144,40,228,262,2,0.421588 213,565,236,677,1,0.376922 0,12,113,331,2,0.302633 318,442,411,495,2,0.297423 69,591,196,677,2,0.285518 299,545,319,677,1,0.275180 179,589,204,677,1,0.243663 218,479,321,543,2,0.237716 631,163,811,265,2,0.223778 310,540,331,677,1,0.168809 570,465,924,677,2,0.136537 409,452,429,489,1,0.110129
/content/drive/MyDrive/Datasets/door_dataset/images/00da8827b3288d89.jpg 586,474,612,506,1,0.457999 568,421,594,460,1,0.203438
/content/drive/MyDrive/Datasets/door_dataset/images/copper-cabinet-hardware-cabinet-door-pulls-brilliant-copper-brushed-cup-pull-handle-knob-bow-in-copper-cabinet-knobs-and-drawer-pulls.jpg 53,131,95,177,1,0.676834 465,1,684,148,2,0.544692 140,40,438,194,2,0.544572 150,275,189,439,1,0.422011 163,207,434,630,0,0.378269 272,81,324,139,1,0.322809 13,63,242,212,2,0.279964 592,5,654,78,1,0.275606 133,282,173,434,1,0.242803 2,239,160,667,2,0.231935 456,169,662,632,0,0.149137 196,11,451,150,2,0.116846
/content/drive/MyDrive/Datasets/door_dataset/images/16233e1005afe696.jpg 147,476,227,512,1,0.930539 724,526,795,567,1,0.896097 143,404,231,437,1,0.894863 141,251,231,283,1,0.855148 142,328,231,361,1,0.798838 49,331,316,420,2,0.746659 44,245,312,327,2,0.731247 729,444,798,483,1,0.681359 654,526,883,617,2,0.626498 54,204,307,278,2,0.523640 37,392,332,548,2,0.508001 659,441,883,525,2,0.498456 659,381,886,477,2,0.481579 63,452,287,556,2,0.438812 656,479,884,563,2,0.411178 41,275,323,364,2,0.281655 61,405,302,487,2,0.268813 601,450,907,631,2,0.244777 137,177,237,209,1,0.211920 586,390,925,551,2,0.189774 734,354,815,398,1,0.185387
/content/drive/MyDrive/Datasets/door_dataset/images/91d9a393482702a4.jpg 402,247,480,422,2,0.887804 137,236,199,418,2,0.716005 216,235,302,423,2,0.551912 490,239,559,422,2,0.513524 63,240,138,427,2,0.489173 548,400,675,775,3,0.389330 537,769,672,1009,3,0.354861 413,722,524,970,2,0.303640 371,252,439,418,2,0.299291 165,241,220,416,2,0.277901 287,241,346,421,2,0.211075 141,399,160,429,1,0.190204
/content/drive/MyDrive/Datasets/door_dataset/images/0c1315e74b604511.jpg 193,116,265,267,2,0.948499 601,416,698,543,2,0.850505 415,436,512,562,2,0.840610 279,122,353,274,2,0.813726 588,128,657,268,2,0.736248 645,390,671,413,1,0.729743 805,124,827,147,1,0.718136 111,71,168,261,2,0.695892 657,112,724,268,2,0.679659 608,441,624,459,1,0.666160 778,103,851,166,2,0.626182 687,107,747,273,2,0.606489 480,456,496,475,1,0.604160 517,451,533,475,1,0.565597 246,245,262,269,1,0.555281 283,244,296,266,1,0.551894 507,431,583,557,2,0.549788 673,245,686,265,1,0.530660 157,585,174,616,1,0.502528 516,442,534,463,1,0.501035 935,147,991,487,1,0.493318 956,63,1024,563,3,0.463793 410,394,512,425,2,0.460271 205,495,218,521,1,0.457836 162,571,181,609,1,0.412135 212,493,227,521,1,0.409513 592,377,718,424,2,0.383503 647,246,664,267,1,0.372702 846,138,955,583,3,0.366573 199,434,217,465,1,0.357840 249,407,394,448,1,0.350883 495,390,596,428,2,0.343016 133,504,157,541,1,0.331140 156,241,173,268,1,0.305264 845,283,944,681,3,0.304731 124,227,146,253,1,0.300695 315,544,344,570,1,0.276453 42,577,89,637,1,0.266157 602,437,612,464,1,0.252463 670,252,685,278,1,0.242292 141,537,200,673,2,0.228155 243,253,258,276,1,0.219859 247,452,409,574,2,0.205293 821,119,839,146,1,0.200895 124,563,180,681,2,0.193645 801,59,826,96,1,0.187286 822,106,845,132,1,0.186462 641,244,655,264,1,0.176237 586,421,647,547,2,0.169200 132,229,154,258,1,0.167127 5,550,111,671,2,0.163795 176,453,197,486,1,0.156902 170,572,188,603,1,0.142343 79,63,133,249,2,0.137684 790,50,840,104,2,0.134202 488,453,502,478,1,0.132410 152,554,186,634,1,0.130029 904,177,959,468,1,0.127468 389,138,531,245,2,0.124684 235,369,420,433,1,0.124051 591,430,610,543,1,0.116970 477,443,497,467,1,0.111809 290,242,304,268,1,0.109894 125,496,168,552,1,0.108598 265,521,389,583,2,0.107070 36,590,74,656,1,0.100864 169,434,210,507,2,0.100303
/content/drive/MyDrive/Datasets/door_dataset/images/0e9cc189512f1913.jpg 540,738,596,950,0,0.125868
/content/drive/MyDrive/Datasets/door_dataset/images/0e61cd4a43b03b48.jpg 780,8,919,103,2,0.880905 795,637,975,727,1,0.221718 875,61,905,89,1,0.205487 617,556,781,640,1,0.197766 795,284,974,600,3,0.148231 785,666,985,751,3,0.120196 620,636,777,755,2,0.116963
/content/drive/MyDrive/Datasets/door_dataset/images/0d238ce3cf35573d.jpg 400,377,585,673,0,0.494029
/content/drive/MyDrive/Datasets/door_dataset/images/ba33845dd206c054.jpg 692,12,837,146,2,0.907091 701,531,822,719,2,0.696386 697,158,837,559,2,0.559872 833,177,1017,546,3,0.548720 521,134,554,167,1,0.539687 855,9,1009,124,2,0.504706 508,41,681,169,2,0.489845 579,476,612,506,1,0.474852 330,80,471,192,2,0.473006 540,137,568,166,1,0.255422 784,129,991,627,2,0.252947 205,181,232,204,1,0.247088 855,93,890,122,1,0.200830 212,439,237,462,1,0.200285 326,453,354,480,1,0.196726 801,549,825,585,1,0.193030 814,99,838,134,1,0.159018 399,155,420,183,1,0.157779 171,101,309,206,2,0.151822 567,479,599,508,1,0.143101 700,229,825,551,3,0.133401
/content/drive/MyDrive/Datasets/door_dataset/images/0523b641cddd9cbb.jpg 633,197,1014,705,3,0.590301 188,7,338,331,3,0.352268 367,212,578,284,1,0.323422 392,393,600,481,1,0.232353 585,254,633,440,1,0.131077
/content/drive/MyDrive/Datasets/door_dataset/images/221a39fae7027bea.jpg 783,135,821,390,1,0.961344 810,93,950,414,3,0.954219 690,90,818,422,3,0.831248 805,119,859,388,1,0.558652 696,441,948,512,1,0.431239 641,433,986,641,3,0.203832 804,180,827,374,1,0.180700 737,124,807,401,1,0.117332
/content/drive/MyDrive/Datasets/door_dataset/images/ce9cf42259c1bec8.jpg 393,530,500,681,2,0.869511 431,102,452,129,1,0.857304 266,551,297,591,1,0.824137 183,0,287,242,2,0.808310 512,510,534,538,1,0.802882 513,491,585,659,2,0.759012 112,96,170,342,1,0.698271 311,0,418,123,2,0.619656 540,51,600,255,2,0.618532 577,54,641,269,2,0.614634 528,222,548,248,1,0.614287 409,100,430,130,1,0.601497 598,472,616,500,1,0.584080 481,525,499,556,1,0.584007 250,204,274,236,1,0.550113 436,8,513,146,2,0.543243 346,577,372,620,1,0.513136 0,0,147,392,3,0.492238 579,463,630,630,2,0.471480 212,520,346,615,2,0.463854 693,72,735,165,2,0.424115 511,502,540,528,1,0.404930 133,396,192,639,1,0.392872 217,592,373,681,2,0.338355 0,348,175,681,3,0.338163 402,99,420,126,1,0.323107 614,418,643,446,1,0.307452 486,515,505,554,1,0.275811 509,38,566,230,2,0.257104 120,362,182,609,1,0.189556 669,180,730,384,3,0.189404 690,179,712,207,1,0.185958 592,403,659,458,2,0.173218 687,429,709,462,1,0.163254 705,139,726,170,1,0.151903 726,82,880,615,3,0.133013 615,451,665,594,2,0.124289 594,460,617,488,1,0.114387 231,545,316,594,2,0.110609
/content/drive/MyDrive/Datasets/door_dataset/images/images7.jpeg 40,7,176,89,1,0.173768 2,0,224,115,2,0.118986
/content/drive/MyDrive/Datasets/door_dataset/images/3d0e9fdb22c5d471.jpg
/content/drive/MyDrive/Datasets/door_dataset/images/0fc768a1c637427e.jpg 851,607,869,639,1,0.479179 855,496,876,525,1,0.402754 855,549,872,580,1,0.360690 822,479,909,542,2,0.143790 448,574,473,608,1,0.122554
/content/drive/MyDrive/Datasets/door_dataset/images/0d2e49086e83c259.jpg 417,321,518,377,1,0.722203 403,438,492,489,1,0.440549 402,198,510,249,1,0.343172 214,273,573,440,2,0.132540 198,216,577,353,2,0.120133 318,323,579,420,1,0.113396
/content/drive/MyDrive/Datasets/door_dataset/images/87cf26211cfa78cc.jpg 0,237,299,1006,3,0.190869
/content/drive/MyDrive/Datasets/door_dataset/images/50b5d26d980d6b1d.jpg
/content/drive/MyDrive/Datasets/door_dataset/images/44d007381712ad26.jpg
/content/drive/MyDrive/Datasets/door_dataset/images/b603a9d5511f2661.jpg 337,539,421,588,2,0.891091 366,638,395,658,1,0.865945 365,555,393,576,1,0.812450 340,614,425,667,2,0.753228 366,604,395,623,1,0.729721 338,592,425,632,2,0.676770 361,544,397,568,1,0.481474 366,617,397,639,1,0.298491 327,567,435,607,2,0.189258 434,578,457,608,1,0.168031
/content/drive/MyDrive/Datasets/door_dataset/images/195c37710249a08b.jpg
/content/drive/MyDrive/Datasets/door_dataset/images/0beb9cbe0c770abf.jpg 271,76,394,407,0,0.140946 158,243,175,269,1,0.108060
/content/drive/MyDrive/Datasets/door_dataset/images/b6798d4660eb5072.jpg 634,296,732,351,1,0.483492 7,270,89,528,2,0.364828 133,292,236,570,2,0.279993 317,342,447,392,1,0.264676 49,276,156,534,2,0.247894 310,452,761,632,2,0.160212 565,271,797,385,2,0.148887 285,317,483,422,1,0.147086 838,377,957,668,2,0.122613 236,380,789,550,2,0.117507 843,55,981,360,3,0.115932 215,304,726,464,2,0.115136
/content/drive/MyDrive/Datasets/door_dataset/images/0c8ebd9431edd552.jpg
/content/drive/MyDrive/Datasets/door_dataset/images/d4e1dc2f2326a8b0.jpg 740,206,801,412,2,0.511220 612,322,626,351,1,0.391989 626,317,639,352,1,0.114635 625,223,682,357,2,0.114431 595,324,614,349,1,0.113924
/content/drive/MyDrive/Datasets/door_dataset/images/2d468bcf407e1bb7.jpg 478,144,623,520,3,0.712534 36,155,229,523,3,0.448345 259,160,440,514,3,0.428557 186,588,510,956,3,0.261109 32,606,224,933,3,0.212488 32,547,234,617,1,0.150999
/content/drive/MyDrive/Datasets/door_dataset/images/84cb35f6bd724733.jpg 19,275,209,367,1,0.216705 186,0,536,505,0,0.202902
/content/drive/MyDrive/Datasets/door_dataset/images/00bb60b91c5335b1.jpg 815,186,858,239,1,0.301001 762,141,793,209,1,0.266233 175,4,476,642,0,0.260457 463,374,498,452,1,0.154705 466,392,488,433,1,0.117988 537,0,868,561,0,0.104490 724,146,749,179,1,0.101768
/content/drive/MyDrive/Datasets/door_dataset/images/0d75f4d0712d4dd7.jpg
/content/drive/MyDrive/Datasets/door_dataset/images/5bd7f210fa544a9f.jpg
/content/drive/MyDrive/Datasets/door_dataset/images/0e3b7f3fa56e1837.jpg
/content/drive/MyDrive/Datasets/door_dataset/images/3a34cb02ae02ffaf.jpg 602,355,697,545,2,0.731925 530,350,600,527,2,0.725750 691,0,806,328,2,0.721850 780,433,855,474,1,0.719857 458,345,482,372,1,0.673729 774,501,857,551,1,0.592176 780,370,854,411,1,0.504489 808,0,986,330,2,0.454100 458,307,475,334,1,0.430970 456,154,519,312,2,0.412998 669,371,959,467,2,0.391822 459,398,481,423,1,0.373948 593,419,615,465,1,0.368515 666,478,966,568,2,0.357576 420,335,519,385,2,0.354669 601,0,685,112,2,0.318095 531,3,602,122,2,0.278008 466,308,485,332,1,0.238692 457,383,480,412,1,0.235959 668,423,964,497,2,0.189440 496,360,563,507,2,0.155956 816,40,849,128,1,0.153842 223,37,280,197,2,0.150608 471,217,484,256,1,0.146143 456,357,483,384,1,0.143145 595,370,919,535,2,0.132540 503,11,569,123,2,0.124779 574,3,645,114,2,0.121567 260,209,280,235,1,0.100875
/content/drive/MyDrive/Datasets/door_dataset_freddi/images/1616672130336.jpg 678,1245,900,1487,1,0.799660 371,0,2831,3844,0,0.410550
/content/drive/MyDrive/Datasets/door_dataset/images/007a4e97abc192b9.jpg
/content/drive/MyDrive/Datasets/door_dataset_freddi/images/1616672130334.jpg 1005,1613,1276,1867,1,0.771410 226,0,3016,3735,0,0.576895 0,0,2794,4032,0,0.138502
/content/drive/MyDrive/Datasets/door_dataset/images/0cc6f8b9e3087114.jpg 548,813,589,847,1,0.899214 545,891,584,926,1,0.860320 529,976,579,1014,1,0.796166 339,862,402,899,1,0.783671 262,827,484,911,2,0.682417 335,950,390,989,1,0.534165 487,782,639,858,2,0.518287 229,934,541,1015,2,0.500338 200,850,617,990,2,0.193738 520,881,615,935,2,0.166714 525,810,617,854,1,0.163808 515,969,611,1020,1,0.148262 305,968,628,1024,2,0.143744 181,762,597,902,2,0.128198
/content/drive/MyDrive/Datasets/door_dataset/images/742b8684073d6fd6.jpg 415,57,815,639,3,0.781752 385,422,443,674,1,0.216277
/content/drive/MyDrive/Datasets/door_dataset/images/0e2208875afa89ca.jpg
/content/drive/MyDrive/Datasets/door_dataset/images/76a2724a2725d4e7.jpg 311,32,427,151,1,0.148047
/content/drive/MyDrive/Datasets/door_dataset/images/0f3e5d607d82e4e9.jpg 597,110,657,235,2,0.626104 666,115,723,228,2,0.407666 757,166,811,322,2,0.401815 888,155,905,188,1,0.263111 492,201,583,469,3,0.245506 671,203,684,227,1,0.239526 885,223,901,254,1,0.203238 439,204,485,490,3,0.195060 818,182,896,257,2,0.192465 589,343,613,471,1,0.166539 810,279,827,308,1,0.166207 886,238,904,261,1,0.144728 725,255,741,289,1,0.142252 493,243,511,387,1,0.141524 691,142,743,211,2,0.138370 888,139,949,266,2,0.137120 824,266,847,292,1,0.136654 851,140,916,266,2,0.132023 586,341,640,512,3,0.109537 590,118,614,235,2,0.105194 668,131,691,223,2,0.105049
/content/drive/MyDrive/Datasets/door_dataset/images/16f7251ee8768470.jpg 540,219,683,310,1,0.814438 880,384,1019,517,2,0.654308 216,222,349,305,1,0.553367 535,471,660,535,1,0.369919 231,460,346,537,1,0.340231 100,131,530,325,2,0.257667 962,33,1022,190,2,0.249373 226,143,767,336,2,0.241532 182,110,807,240,2,0.189344 136,399,665,588,2,0.180771 179,459,774,640,2,0.136718 338,216,795,416,2,0.122341 957,198,1024,332,2,0.104833
/content/drive/MyDrive/Datasets/door_dataset/images/d0ef5b3e45c0ca64.jpg 13,346,314,1021,3,0.112282
/content/drive/MyDrive/Datasets/door_dataset/images/0d24ce32e3068ed1.jpg
/content/drive/MyDrive/Datasets/door_dataset/images/8c645dd8da92ec0b.jpg 813,359,843,394,1,0.813592 369,511,413,566,1,0.719317 373,428,413,477,1,0.705197 806,427,832,457,1,0.641716 378,231,424,286,1,0.608419 297,497,475,597,2,0.594383 373,336,417,387,1,0.565885 303,391,473,499,2,0.495355 856,211,884,248,1,0.472600 783,336,874,413,2,0.409175 750,214,792,261,1,0.405463 768,412,861,474,2,0.372365 832,288,861,324,1,0.343145 213,378,492,555,2,0.204749 778,273,898,392,2,0.200393 802,271,888,331,2,0.195442 186,300,521,478,2,0.172806 549,228,595,274,1,0.164172 284,320,488,415,2,0.148001 800,349,849,403,1,0.141045
/content/drive/MyDrive/Datasets/door_dataset/images/ce859e17702e6b6b.jpg 806,78,884,215,2,0.872498 511,79,573,207,2,0.754953 609,368,631,383,1,0.749405 587,74,650,205,2,0.747227 891,72,970,223,2,0.608890 579,349,667,395,2,0.568220 110,169,224,494,3,0.558733 610,310,632,328,1,0.546573 365,290,405,379,2,0.530891 573,184,590,210,1,0.518133 789,186,807,215,1,0.510622 364,85,402,202,2,0.455985 194,98,213,135,1,0.455030 406,291,444,374,2,0.438103 460,284,503,380,2,0.421934 315,184,330,213,1,0.420618 884,190,900,221,1,0.418288 611,327,632,344,1,0.404457 319,85,363,197,2,0.381195 579,316,667,359,2,0.375208 610,350,631,369,1,0.361378 769,326,874,429,2,0.350994 211,76,308,138,2,0.346378 578,299,667,341,2,0.325933 309,79,344,203,2,0.324972 451,284,464,311,1,0.318209 82,303,101,340,1,0.301300 214,251,235,377,1,0.289131 440,285,453,309,1,0.285663 783,79,846,205,2,0.240620 449,293,475,380,2,0.238983 844,75,903,211,2,0.226159 357,290,377,316,1,0.224320 424,298,458,376,2,0.222579 357,299,372,330,1,0.218757 230,224,306,442,3,0.211175 882,329,900,354,1,0.209978 1,430,109,578,2,0.205769 323,308,366,399,2,0.205116 411,82,438,212,2,0.202082 348,85,376,199,2,0.188086 577,174,589,199,1,0.185351 585,188,601,210,1,0.169233 874,190,889,219,1,0.161283 293,102,307,133,1,0.156149 605,292,637,311,1,0.145543 365,172,375,197,1,0.140048 91,304,109,339,1,0.139651 283,103,300,130,1,0.138560 88,64,207,136,2,0.138103 385,82,419,202,2,0.134838 76,286,108,355,1,0.128139 292,91,309,122,1,0.120693 551,292,577,311,1,0.117249 870,94,890,221,1,0.117137 234,245,303,476,2,0.111781 865,331,888,425,1,0.110297 588,74,609,203,2,0.110174 539,69,583,211,2,0.109974 874,329,890,355,1,0.101121
/content/drive/MyDrive/Datasets/door_dataset/images/51bdb40a3f51cce3.jpg 255,290,445,359,1,0.727684 547,385,596,441,1,0.640937 261,431,441,507,1,0.531768 136,441,584,681,2,0.483345 57,209,595,354,2,0.404108 77,271,587,433,2,0.370291 118,398,560,664,2,0.263880 103,341,590,572,2,0.224297
/content/drive/MyDrive/Datasets/door_dataset/images/1fdd6001d3da9c56.jpg 121,320,230,517,3,0.234701 206,247,230,282,1,0.129831 230,381,255,502,1,0.121826 125,321,225,508,2,0.105749
/content/drive/MyDrive/Datasets/door_dataset/images/259cffd5e01c616c.jpg 617,82,914,742,3,0.507211 272,28,619,659,2,0.438974 205,365,244,430,1,0.176712 71,245,246,758,3,0.165558 85,30,315,754,3,0.101852
/content/drive/MyDrive/Datasets/door_dataset/images/b07a7a55e371416e.jpg
/content/drive/MyDrive/Datasets/door_dataset/images/4508de4f680374a7.jpg 223,594,564,955,3,0.454695 209,167,562,652,3,0.254042
/content/drive/MyDrive/Datasets/door_dataset/images/0146a6b07d6b3160.jpg 844,700,958,989,2,0.852837 738,602,832,876,2,0.621965 934,0,1020,253,2,0.460815 971,796,1022,1024,2,0.352054 361,375,662,747,3,0.220440 0,2,235,551,3,0.145617 832,0,956,29,2,0.124608 788,0,848,50,2,0.114977 851,594,982,706,2,0.101581
/content/drive/MyDrive/Datasets/door_dataset/images/5e4a3a21836fdd9b.jpg
/content/drive/MyDrive/Datasets/door_dataset/images/c3796ad5911a3dd9.jpg
/content/drive/MyDrive/Datasets/door_dataset/images/95d0693974e5fc3b.jpg 338,464,384,601,1,0.693519 474,406,505,528,1,0.624628 321,126,414,178,1,0.531354 335,896,433,968,1,0.384749 506,736,558,791,1,0.346211 364,272,499,689,2,0.328311 497,322,606,633,2,0.286533 492,400,519,522,1,0.269664 252,810,557,1010,2,0.253937 562,380,595,473,1,0.239918 209,174,562,772,2,0.197489 292,882,451,985,2,0.141412
/content/drive/MyDrive/Datasets/door_dataset/images/f57bb9c762710434.jpg
/content/drive/MyDrive/Datasets/door_dataset/images/1a676cb4af696ae8.jpg 317,367,412,413,1,0.935414 324,481,411,527,1,0.889197 317,614,413,670,1,0.853397 317,783,409,838,1,0.722930 572,342,664,399,1,0.584771 179,663,491,866,2,0.419875 37,322,164,379,1,0.371146 163,489,508,687,2,0.344622 115,344,528,522,2,0.317431 146,414,514,608,2,0.291433 176,571,512,767,2,0.285549 98,282,534,439,2,0.272933 513,375,666,890,2,0.245948 241,345,469,433,2,0.181670 220,457,484,550,2,0.180702 463,0,553,165,2,0.139475 582,93,616,120,1,0.121664 684,339,709,431,1,0.117872 259,592,451,689,1,0.110792 595,0,729,95,2,0.103749 496,4,578,131,2,0.102569
/content/drive/MyDrive/Datasets/door_dataset/images/a0da5e7cc4ba2d79.jpg 532,672,575,728,1,0.821469 149,211,196,272,1,0.811729 533,891,576,949,1,0.772423 156,447,201,500,1,0.771480 532,442,575,502,1,0.679290 401,780,710,1017,2,0.610526 163,667,203,719,1,0.495026 535,204,585,265,1,0.432555 34,817,324,1024,2,0.419486 21,64,321,306,2,0.407734 147,350,198,414,1,0.395272 168,881,209,935,1,0.371078 141,111,195,184,1,0.350134 407,31,721,254,2,0.325893 115,976,254,1022,1,0.311700 430,965,688,1024,2,0.304593 470,970,505,1021,1,0.272413 488,535,637,625,1,0.272401 534,349,582,417,1,0.236606 47,490,332,705,2,0.223970 409,619,701,828,2,0.211292 486,992,603,1024,1,0.208567 485,298,639,389,1,0.190577 410,467,699,675,2,0.189943 529,582,580,655,1,0.180368 410,320,700,541,2,0.161434 35,252,321,455,2,0.160685 103,530,252,628,1,0.155617 92,302,255,392,1,0.144900 73,951,297,1024,2,0.131076 539,90,592,170,1,0.124000 413,169,704,379,2,0.123693 50,332,337,529,2,0.123266 50,719,336,938,2,0.113076 523,757,599,867,1,0.110508 379,537,736,981,2,0.102919
/content/drive/MyDrive/Datasets/door_dataset/images/0e271dcff55afea7.jpg 477,125,697,745,0,0.204154 511,358,532,397,1,0.112890
/content/drive/MyDrive/Datasets/door_dataset/images/4bcd41a81ff6ed9c.jpg 388,460,421,487,1,0.608892 405,458,433,480,1,0.608863 407,452,484,590,2,0.568468 305,465,388,618,2,0.564282 3,219,112,475,3,0.437615 337,435,366,460,1,0.414948 381,456,450,601,2,0.293401 256,440,286,469,1,0.240962 448,418,476,439,1,0.222226 629,427,734,496,2,0.218174 287,420,411,475,2,0.185981 136,444,287,601,2,0.168054 268,449,294,478,1,0.134020 869,137,890,170,1,0.117588 576,416,596,439,1,0.117237
/content/drive/MyDrive/Datasets/door_dataset/images/775e077de67c6250.jpg 789,0,1001,708,3,0.149739
/content/drive/MyDrive/Datasets/door_dataset/images/00d3fcbc86861f4a.jpg 231,238,524,910,0,0.573772 544,586,580,657,1,0.184854
/content/drive/MyDrive/Datasets/door_dataset/images/563dcdcfc82b9d71.jpg 591,178,894,629,3,0.124849
/content/drive/MyDrive/Datasets/door_dataset/images/00ebbe86769979a4.jpg 521,74,837,690,3,0.675360 170,65,534,745,3,0.522676 542,646,815,720,1,0.165472 136,697,553,768,3,0.161397 0,684,113,727,1,0.146374 443,687,896,768,3,0.119549 174,15,532,631,2,0.112156
/content/drive/MyDrive/Datasets/door_dataset/images/233f6a449cf54d20.jpg 417,50,487,201,2,0.193258 666,114,687,154,1,0.187263 380,41,439,207,2,0.175007
/content/drive/MyDrive/Datasets/door_dataset/images/8ff20053385d110c.jpg 839,31,964,325,3,0.585428 807,307,944,631,3,0.555772 679,300,796,626,3,0.451726 408,50,541,379,3,0.270820 550,312,656,621,3,0.190655 800,0,1000,660,3,0.146906
/content/drive/MyDrive/Datasets/door_dataset/images/00c4503acd511444.jpg 376,745,410,841,1,0.543482 512,732,551,790,1,0.258297 395,754,422,838,1,0.242486 416,720,447,752,1,0.197955 366,748,395,844,1,0.184790 380,746,401,779,1,0.132772 376,446,570,981,0,0.122172 169,536,435,963,0,0.108808 270,713,359,762,1,0.104157
/content/drive/MyDrive/Datasets/door_dataset/images/3351f25dbcbbc567.jpg
/content/drive/MyDrive/Datasets/door_dataset/images/52b15cf19d8257e2.jpg 111,137,576,558,1,0.227270
/content/drive/MyDrive/Datasets/door_dataset/images/dbcb652ea7e3c6b0.jpg
/content/drive/MyDrive/Datasets/door_dataset/images/00c2c198953fc6d6.jpg 695,54,760,216,2,0.840440 159,427,179,447,1,0.837742 613,48,680,207,2,0.784937 160,445,181,463,1,0.770576 582,45,642,205,2,0.734710 161,521,183,545,1,0.725831 654,52,717,210,2,0.718055 161,486,183,505,1,0.710122 105,60,174,248,2,0.703663 732,51,789,223,2,0.698409 664,191,682,217,1,0.684518 200,54,267,230,2,0.683390 724,364,800,496,2,0.679343 768,199,784,228,1,0.677558 160,466,181,485,1,0.653734 729,364,747,394,1,0.648208 503,43,567,204,2,0.636195 424,43,483,209,2,0.630634 605,188,624,216,1,0.602993 159,405,181,429,1,0.574392 659,192,673,217,1,0.562635 532,46,595,204,2,0.550534 116,412,231,457,2,0.549801 116,500,235,560,2,0.540268 393,358,412,386,1,0.519195 818,42,940,142,2,0.511022 820,114,933,512,3,0.489532 115,434,234,477,2,0.483045 455,44,511,205,2,0.444991 158,392,181,414,1,0.434784 503,354,543,452,2,0.427973 117,456,232,498,2,0.415786 120,473,229,520,2,0.413447 598,190,615,213,1,0.398541 507,185,524,212,1,0.366175 160,503,183,527,1,0.357133 945,93,966,135,1,0.355108 293,370,317,393,1,0.348490 443,189,455,216,1,0.340604 945,61,969,137,1,0.319431 172,219,188,251,1,0.304751 664,359,728,481,2,0.283021 772,47,821,224,2,0.281323 311,370,330,391,1,0.281206 383,352,450,480,2,0.278352 695,358,765,493,2,0.270647 461,346,474,374,1,0.262335 500,185,514,215,1,0.257838 165,218,181,248,1,0.252422 446,191,463,214,1,0.247714 121,378,225,424,2,0.245323 932,40,1010,146,2,0.244889 940,269,962,421,1,0.244241 467,341,499,458,2,0.216235 741,364,760,391,1,0.212941 393,43,442,214,2,0.193404 173,205,189,239,1,0.191106 133,395,227,441,2,0.188419 416,346,477,473,2,0.184915 781,203,798,232,1,0.174655 816,86,833,126,1,0.168189 927,262,949,428,1,0.163789 243,384,323,518,2,0.145110 934,142,1017,566,3,0.141659 383,362,397,391,1,0.140651 80,301,97,338,1,0.136544 144,51,188,223,2,0.126395 271,370,303,393,1,0.125550 465,344,484,375,1,0.125375 926,56,953,145,1,0.107252 543,349,579,449,2,0.107242 282,206,298,230,1,0.102934 803,280,827,396,1,0.102743
/content/drive/MyDrive/Datasets/door_dataset/images/bb43aee523a166d6.jpg 4,0,646,949,3,0.421946
/content/drive/MyDrive/Datasets/door_dataset/images/0cc3d0c94666272e.jpg
/content/drive/MyDrive/Datasets/door_dataset/images/90c4e2fbaae62118.jpg
/content/drive/MyDrive/Datasets/door_dataset/images/c401b6f834724d34.jpg 853,83,1024,419,3,0.735752 563,418,590,445,1,0.655389 739,16,823,141,2,0.490703 862,447,1022,666,3,0.459780 480,382,516,405,1,0.393403 732,125,750,150,1,0.366155 739,124,764,146,1,0.303138 531,407,611,529,2,0.272752 833,4,980,62,2,0.254983 514,245,532,270,1,0.250607 831,185,868,439,1,0.235089 461,374,539,410,2,0.234863 480,479,507,505,1,0.207634 843,420,865,598,1,0.205496 508,130,563,270,2,0.155263 941,25,968,54,1,0.142353 983,2,1012,39,1,0.103116
/content/drive/MyDrive/Datasets/door_dataset/images/b5d0b5bccecb3c20.jpg
/content/drive/MyDrive/Datasets/door_dataset/images/bf9e9a9681561d60.jpg 497,166,768,772,3,0.208416 41,275,408,911,3,0.102117
/content/drive/MyDrive/Datasets/door_dataset/images/4e9b6116d0225860.jpg 644,442,719,596,2,0.796175 504,75,568,220,2,0.702625 428,91,466,216,2,0.604842 464,82,504,216,2,0.572404 309,357,330,390,1,0.440026 300,359,317,395,1,0.417141 312,343,413,432,2,0.362241 501,184,513,212,1,0.301860 11,22,72,239,2,0.255350 498,196,513,218,1,0.255059 227,346,307,470,2,0.247910 312,363,327,405,1,0.238089 419,316,437,341,1,0.234706 659,418,738,471,2,0.197728 453,179,465,213,1,0.182892 809,252,1016,537,3,0.181091 487,352,514,375,1,0.178817 310,132,381,250,2,0.167516 484,79,513,220,2,0.156214 413,331,442,415,2,0.153848 428,345,458,434,2,0.152680 777,241,949,519,3,0.143205 531,59,584,206,2,0.139922 510,77,531,223,2,0.136778 448,89,473,212,2,0.124066 435,178,448,211,1,0.116373 12,53,81,251,1,0.111448 413,107,436,238,2,0.101623
/content/drive/MyDrive/Datasets/door_dataset/images/246092384ee2655c.jpg 765,65,1024,768,3,0.230683
/content/drive/MyDrive/Datasets/door_dataset/images/163bb8d48332438f.jpg 324,0,401,176,2,0.944701 517,582,545,625,1,0.726053 0,456,90,625,2,0.697582 66,454,88,483,1,0.624500 68,396,93,422,1,0.597453 77,453,102,477,1,0.556147 27,454,108,621,2,0.404044 533,67,605,217,2,0.402597 323,142,342,177,1,0.389693 152,7,265,157,2,0.377371 336,144,352,178,1,0.363154 0,6,136,176,2,0.345111 469,553,586,653,2,0.340191 293,0,355,175,2,0.324343 88,452,146,619,2,0.296423 256,7,322,173,2,0.292190 516,85,540,210,1,0.286576 111,139,130,171,1,0.244644 13,380,151,433,2,0.191000 395,73,551,220,2,0.188350 467,680,586,910,3,0.180924 602,144,682,496,3,0.147067 603,189,671,473,1,0.133497 146,144,165,174,1,0.112969 595,708,623,810,1,0.104819
/content/drive/MyDrive/Datasets/door_dataset_freddi/images/1616672130373.jpg 1321,2230,1517,2445,1,0.671866 0,140,2739,4032,0,0.159792 2209,0,2915,384,2,0.144890 836,432,2172,3684,0,0.110327
/content/drive/MyDrive/Datasets/door_dataset/images/0f6337a1ea2b6cc2.jpg 0,230,195,332,2,0.928933 14,122,98,165,1,0.921814 0,107,175,215,2,0.873650 76,365,156,403,1,0.852682 752,421,858,459,1,0.840040 42,257,130,294,1,0.837173 19,334,222,457,2,0.750890 758,132,883,175,1,0.677223 755,288,869,328,1,0.620511 649,173,984,365,2,0.459284 607,120,1011,289,2,0.453285 661,256,982,445,2,0.444229 670,348,969,520,2,0.397594 0,185,267,376,2,0.150541 661,413,979,591,2,0.128498 696,115,937,213,2,0.111823
/content/drive/MyDrive/Datasets/door_dataset/images/4906acaa9d04d415.jpg 0,0,768,842,3,0.337983
/content/drive/MyDrive/Datasets/door_dataset/images/2b87340ff50deb6f.jpg 96,22,396,665,2,0.725462 131,913,393,1018,2,0.609549 234,946,279,994,1,0.596156 234,693,281,742,1,0.589239 433,931,691,1024,2,0.542377 527,958,579,1007,1,0.537636 446,74,726,667,2,0.530495 235,824,279,872,1,0.497299 109,776,408,904,2,0.448702 535,833,580,882,1,0.429394 739,840,768,913,1,0.358058 97,830,413,999,2,0.335448 545,701,594,758,1,0.328046 390,825,694,1005,2,0.286184 408,791,695,912,2,0.268043 89,669,398,823,2,0.258254 379,303,412,343,1,0.182487 397,675,698,810,2,0.161248 434,310,464,345,1,0.128623 718,580,744,627,1,0.122099
/content/drive/MyDrive/Datasets/door_dataset/images/000d9c77f5749561.jpg
/content/drive/MyDrive/Datasets/door_dataset_freddi/images/1616672130392.jpg 1217,2145,1451,2380,1,0.643333 0,415,2303,4032,0,0.129272
/content/drive/MyDrive/Datasets/door_dataset/images/157e5ab3d1edeeba.jpg 499,337,596,373,1,0.520208 353,297,722,468,2,0.420684 345,376,721,545,2,0.396786 336,456,728,621,2,0.344199 350,224,725,389,2,0.319886 335,151,735,306,2,0.318436 502,216,599,250,1,0.177878 114,246,430,522,2,0.104849
/content/drive/MyDrive/Datasets/door_dataset/images/466fc40cb767a4b8.jpg 310,517,440,728,2,0.924330 765,521,799,572,1,0.879992 753,642,789,690,1,0.803194 698,601,904,717,2,0.694018 174,587,291,707,2,0.687051 706,494,910,592,2,0.656124 199,622,229,669,1,0.652957 158,414,188,458,1,0.466094 409,554,448,600,1,0.457682 174,508,204,557,1,0.353297 132,532,407,737,2,0.346545 118,450,419,648,2,0.209117 132,398,206,470,2,0.158754 262,404,409,496,2,0.155647 273,516,293,553,1,0.134878
/content/drive/MyDrive/Datasets/door_dataset/images/0e251034924e90e6.jpg 203,119,280,370,2,0.351019 86,198,159,389,2,0.273862 181,132,237,383,2,0.157618 299,89,382,326,2,0.152904 58,211,121,385,2,0.145822 112,661,133,693,1,0.133035 132,170,186,385,2,0.127860 145,401,269,827,0,0.125790
/content/drive/MyDrive/Datasets/door_dataset/images/94e873fde8f1dfc3.jpg 382,77,525,499,3,0.663233 565,500,643,555,2,0.305026 233,100,361,595,3,0.265907 567,553,642,618,2,0.165134 566,460,639,511,2,0.152319 56,119,234,444,3,0.144943 243,247,365,680,3,0.137574 546,67,692,424,3,0.107698 106,232,240,642,3,0.100015
/content/drive/MyDrive/Datasets/door_dataset/images/ad0be291d7cfdee1.jpg 396,419,645,555,2,0.469736 400,299,642,418,2,0.407080 379,234,657,394,2,0.268007 360,155,665,287,2,0.194213 528,499,554,529,1,0.138131
/content/drive/MyDrive/Datasets/door_dataset/images/0c5f526599f52a41.jpg 329,243,629,914,0,0.706539 63,189,333,885,0,0.585483 175,502,221,575,1,0.112582
/content/drive/MyDrive/Datasets/door_dataset/images/e1ca64500fce1157.jpg 0,408,395,637,2,0.604218 33,716,342,896,2,0.446665 97,466,181,585,1,0.296201 2,595,381,765,2,0.129394
/content/drive/MyDrive/Datasets/door_dataset/images/DOR_S3_69.JPG 2007,2802,2370,3033,1,0.860469 494,660,2438,4608,0,0.425219
/content/drive/MyDrive/Datasets/door_dataset/images/96b0ea1e6c7a666f.jpg 53,37,144,159,1,0.101230
/content/drive/MyDrive/Datasets/door_dataset/images/1f043dcedff676ee.jpg
/content/drive/MyDrive/Datasets/door_dataset/images/7771c64fca6089d2.jpg 663,316,824,573,3,0.821184 658,210,831,323,3,0.581880 648,223,669,334,1,0.452091 807,202,833,336,1,0.369358 519,405,570,493,2,0.283631 818,203,844,342,1,0.230009 784,315,829,564,1,0.217607 630,341,670,538,1,0.180382 803,346,825,489,1,0.159357 562,405,596,493,2,0.152796 395,258,410,278,1,0.142413 389,189,421,279,2,0.118851 652,334,707,540,1,0.114867 355,136,479,504,0,0.112848 593,339,885,683,3,0.112012 223,122,302,295,2,0.107365 627,339,654,442,1,0.106296 394,245,410,270,1,0.101394
/content/drive/MyDrive/Datasets/door_dataset/images/kitchen-drawer-pulls-modern-hardware-knobs-cabinet-handles-stunning-kitchen-drawer-pulls-images-contemporary-with-regard-to-3-kitchen-cabinet-pulls-oil-rubbed-bronze.jpg 393,66,562,162,2,0.484424 400,200,562,306,2,0.479469 394,107,562,205,2,0.460150 393,28,562,122,2,0.459898 397,148,562,251,2,0.448624 492,14,517,67,1,0.390943 146,88,386,315,2,0.389776 491,118,519,171,1,0.375831 493,253,517,309,1,0.313952 225,287,242,313,1,0.163202 392,0,562,86,2,0.109435
/content/drive/MyDrive/Datasets/door_dataset/images/815fd80ed7a29f21.jpg 419,221,628,707,3,0.138994 294,247,402,645,3,0.103111
/content/drive/MyDrive/Datasets/door_dataset/images/e047154be3cf4f36.jpg 502,501,611,738,2,0.911069 485,424,567,470,1,0.781231 703,398,825,638,2,0.772066 651,428,746,668,2,0.750238 359,539,498,768,2,0.637665 352,572,387,621,1,0.480916 662,445,688,482,1,0.397656 409,398,633,496,2,0.375283 679,326,851,413,2,0.288705 736,334,821,378,1,0.219146 657,435,699,481,1,0.174851 384,513,633,732,2,0.142729 755,343,800,373,1,0.133853 609,418,880,672,2,0.108564
/content/drive/MyDrive/Datasets/door_dataset/images/7784d6ecb97ecf84.jpg 330,195,644,837,2,0.773795 637,490,666,532,1,0.578307 635,163,916,846,2,0.467373 73,142,343,845,2,0.438980 342,489,370,530,1,0.381559 121,342,356,965,2,0.191574 602,338,863,971,2,0.100825
/content/drive/MyDrive/Datasets/door_dataset/images/637a3adb34196e50.jpg 134,158,375,841,3,0.765576 301,151,531,862,3,0.236678 333,143,388,590,1,0.201190 356,205,409,565,1,0.187082
/content/drive/MyDrive/Datasets/door_dataset/images/5a67af57f20fe7d6.jpg 157,644,253,680,1,0.878223 162,716,253,751,1,0.827674 518,5,640,123,2,0.806274 515,31,536,85,1,0.598073 374,0,490,115,2,0.557750 477,16,503,96,1,0.555725 755,685,804,708,1,0.525954 727,673,827,721,2,0.479635 698,633,852,734,2,0.471182 745,619,809,647,1,0.466452 69,677,332,754,2,0.429746 877,607,954,754,2,0.403999 72,77,178,115,1,0.376139 46,619,357,764,2,0.365747 70,615,342,702,2,0.348847 22,536,371,708,2,0.348255 18,663,48,741,1,0.282461 18,453,373,633,2,0.219873 926,605,993,754,2,0.215096 639,27,1024,222,2,0.192413 767,743,791,762,1,0.180083 729,616,826,667,2,0.167916 810,87,908,125,1,0.145410 973,613,1020,747,2,0.127370 31,353,359,571,2,0.110497 38,679,354,768,2,0.101264
/content/drive/MyDrive/Datasets/door_dataset/images/DOR_S1_124.jpg 436,676,1649,2935,0,0.928509 512,1975,724,2121,1,0.796176 497,1907,647,2124,1,0.120235
/content/drive/MyDrive/Datasets/door_dataset/images/f2b31981e52820b1.jpg 898,490,928,533,1,0.627682 213,396,232,423,1,0.627088 496,398,587,611,2,0.508486 597,417,686,649,2,0.463214 505,651,526,683,1,0.403434 209,258,359,620,3,0.397372 485,639,644,738,2,0.326575 351,379,368,410,1,0.317971 216,167,358,585,0,0.310838 563,500,586,532,1,0.281176 616,706,639,743,1,0.280518 690,399,797,672,2,0.261550 378,181,471,550,0,0.184877 472,379,493,406,1,0.175721 352,236,370,275,1,0.172474 215,182,354,476,2,0.131745 889,497,915,531,1,0.131525 375,218,474,582,3,0.100260
/content/drive/MyDrive/Datasets/door_dataset/images/b09da1b69ff6580a.jpg 631,368,681,637,1,0.121759
/content/drive/MyDrive/Datasets/door_dataset/images/0c77673996e69163.jpg 392,6,454,279,2,0.299336 906,177,1001,475,3,0.169136 891,207,976,445,3,0.126848 978,187,1020,462,3,0.111456
/content/drive/MyDrive/Datasets/door_dataset_freddi/images/1616672130279.jpg 378,137,2978,3815,0,0.919932 638,1613,999,1893,1,0.794314
/content/drive/MyDrive/Datasets/door_dataset/images/Wood_Mode_Brookhaven_Hardware_Kitchen_Associates-1.png 580,482,913,575,1,0.181782 379,478,526,594,1,0.170261 233,607,336,727,1,0.152727 241,457,329,605,1,0.124595 66,173,157,336,1,0.108897
/content/drive/MyDrive/Datasets/door_dataset/images/6f6de5cebeda8cf7.jpg 881,181,1002,632,3,0.714819 596,188,611,228,1,0.700840 673,191,688,230,1,0.662269 922,20,948,121,1,0.652365 577,91,636,227,2,0.629415 546,90,603,226,2,0.612727 606,191,621,226,1,0.576432 659,92,717,231,2,0.572495 618,92,677,229,2,0.550606 729,187,744,226,1,0.545620 863,11,914,158,2,0.498450 756,467,770,512,1,0.490773 907,27,932,124,1,0.459614 527,193,543,228,1,0.440278 478,89,541,230,2,0.440220 813,168,827,217,1,0.401233 705,92,752,228,2,0.383953 479,401,522,421,1,0.358511 520,192,536,229,1,0.341328 741,89,788,227,2,0.338801 890,5,942,135,2,0.270214 860,268,897,518,1,0.262193 928,1,995,122,2,0.248033 17,11,192,108,2,0.223022 843,24,875,168,2,0.207657 845,322,872,460,1,0.192081 865,319,885,483,1,0.183729 436,450,455,494,1,0.183153 778,85,823,223,2,0.173655 753,419,772,446,1,0.159635 201,14,320,106,2,0.159365 936,10,968,115,1,0.158152 863,202,890,309,1,0.157283 882,210,903,330,1,0.148861 436,418,457,446,1,0.148424 429,434,460,509,2,0.146084 826,290,880,510,1,0.135176 819,40,864,197,2,0.128493 816,437,862,670,1,0.126555 791,491,810,536,1,0.123854 802,67,831,204,2,0.123473 862,375,996,684,3,0.120803 777,443,838,606,3,0.118310 458,419,528,531,2,0.104615
/content/drive/MyDrive/Datasets/door_dataset/images/b53ec1a97df329bd.jpg
/content/drive/MyDrive/Datasets/door_dataset/images/DOR_S3_21.JPG 373,2522,673,2721,1,0.867522 288,439,1858,3925,0,0.484272
/content/drive/MyDrive/Datasets/door_dataset/images/401d7aae63c3b63c.jpg
/content/drive/MyDrive/Datasets/door_dataset/images/638720894bbb926a.jpg
/content/drive/MyDrive/Datasets/door_dataset/images/2607f946dc091571.jpg 64,354,201,468,2,0.936695 83,470,219,576,2,0.680779 107,395,172,438,1,0.647313 76,527,102,572,1,0.613758 52,530,80,573,1,0.330317 0,412,63,536,2,0.324790 44,535,67,574,1,0.145748 0,526,73,576,2,0.129907 0,383,64,454,2,0.106837
/content/drive/MyDrive/Datasets/door_dataset/images/03b377e1ea46fde9.jpg 237,437,396,775,3,0.392728 377,91,417,370,1,0.392551 199,109,385,388,3,0.388631 414,334,665,807,3,0.317923 350,91,403,350,1,0.101620
/content/drive/MyDrive/Datasets/door_dataset/images/e6a3eb894b0b9a4c.jpg 73,190,108,254,1,0.542859 256,186,841,368,2,0.381984 700,271,749,339,1,0.367901 123,427,809,596,2,0.231653 117,464,149,504,1,0.198839 98,511,801,669,2,0.191546 27,182,481,365,2,0.184931 208,262,840,440,2,0.181390 119,662,744,834,2,0.168836 109,591,791,748,2,0.159214 0,136,518,284,2,0.150670 130,348,826,520,2,0.144965 681,413,719,466,1,0.116071 140,734,771,906,2,0.110469 680,521,724,572,1,0.109247
/content/drive/MyDrive/Datasets/door_dataset/images/ca17815bd92f8982.jpg
/content/drive/MyDrive/Datasets/door_dataset/images/00cb40d7ea24aa3b.jpg 0,543,112,887,0,0.123960
/content/drive/MyDrive/Datasets/door_dataset/images/0c4eb8de33034f6c.jpg 150,136,290,550,0,0.210041 314,139,436,536,0,0.183434 686,71,946,611,0,0.144201 335,247,359,300,1,0.129869 46,370,83,404,1,0.127815 268,372,302,406,1,0.112544
/content/drive/MyDrive/Datasets/door_dataset/images/0c02c70c3d8d70e5.jpg 737,161,836,295,2,0.809727 932,1,1011,197,2,0.594011 649,160,725,255,2,0.480690 589,178,654,248,2,0.424161 547,186,582,297,2,0.331210 412,346,499,519,3,0.302441 495,187,553,247,2,0.291329 853,135,913,284,2,0.269032 844,274,861,301,1,0.230158 810,146,870,291,2,0.185970 663,176,718,237,2,0.177246 532,202,548,237,1,0.173539 911,95,931,136,1,0.163671 526,404,554,528,2,0.151497 564,183,594,300,2,0.150732 577,176,641,279,2,0.145128 677,574,830,680,2,0.144365 897,256,917,292,1,0.127317 902,0,956,185,2,0.111158 893,268,909,302,1,0.109725
/content/drive/MyDrive/Datasets/door_dataset/images/31780c088d1708b4.jpg 280,489,488,566,2,0.911766 289,572,479,651,2,0.843526 350,597,411,627,1,0.792593 286,651,482,735,2,0.746337 356,678,412,710,1,0.684835 357,527,405,552,1,0.657093 359,467,404,491,1,0.635984 973,634,997,666,1,0.509382 969,702,989,737,1,0.501996 272,448,493,511,2,0.474851 280,424,485,481,2,0.469511 935,613,1024,684,2,0.432500 931,679,1023,758,2,0.418957 357,425,401,445,1,0.405326 338,518,426,559,1,0.307594 327,415,434,453,2,0.298522 330,460,434,497,1,0.281249 657,380,718,592,3,0.276247 707,423,727,562,1,0.270344 686,419,710,562,1,0.240675 613,323,708,646,3,0.159953 964,624,1009,674,2,0.118815 669,430,697,549,1,0.109241 229,528,502,713,2,0.108733
/content/drive/MyDrive/Datasets/door_dataset/images/0a5016e04759209d.jpg 188,263,617,615,2,0.368957 201,409,631,835,2,0.236736 346,377,425,450,1,0.149837 350,664,426,720,1,0.131908
/content/drive/MyDrive/Datasets/door_dataset/images/007821b7c578c94a.jpg 524,291,638,413,3,0.185047 548,279,624,327,1,0.128075
/content/drive/MyDrive/Datasets/door_dataset/images/DOR_S3_22.JPG 507,3286,827,3515,1,0.812701 406,1026,2201,4453,0,0.795618
/content/drive/MyDrive/Datasets/door_dataset/images/0d95e4d82e5ff70a.jpg 445,216,481,277,1,0.573500 489,71,834,590,0,0.233331
/content/drive/MyDrive/Datasets/door_dataset/images/2ae027b4be8f51cd.jpg 406,473,489,515,2,0.631266 435,537,457,555,1,0.619703 203,375,224,397,1,0.581262 100,436,120,458,1,0.567556 154,356,267,415,2,0.565012 433,440,456,460,1,0.558280 403,520,495,565,2,0.552749 65,419,156,471,2,0.519438 398,425,494,474,2,0.513052 549,521,569,543,1,0.497789 546,480,569,501,1,0.497601 152,409,265,468,2,0.492442 507,468,601,513,2,0.467938 513,511,597,554,2,0.462714 433,482,458,503,1,0.438837 199,425,224,450,1,0.420838 102,381,122,401,1,0.414098 436,580,454,601,1,0.370611 545,560,571,583,1,0.356357 63,363,161,416,2,0.345968 409,567,487,614,2,0.326385 514,550,594,592,2,0.256355 534,480,557,499,1,0.247583 434,521,459,544,1,0.220096 523,382,547,405,1,0.196258 441,535,470,556,1,0.170010 443,482,469,504,1,0.168619 98,423,123,449,1,0.164355 441,523,472,542,1,0.137845 444,579,469,602,1,0.134386 544,437,573,456,1,0.131245 881,163,984,559,0,0.118560 480,370,583,418,2,0.110128 528,438,558,456,1,0.105082
/content/drive/MyDrive/Datasets/door_dataset_freddi/images/1616672130282.jpg 528,1340,783,1533,1,0.709308 223,0,2482,3979,0,0.637277
/content/drive/MyDrive/Datasets/door_dataset/images/a8042cce7f1cb422.jpg 626,331,650,440,1,0.776167 277,344,304,451,1,0.623426 608,330,634,446,1,0.602177 287,328,316,465,1,0.601880 310,336,334,453,1,0.544543 311,151,465,655,2,0.543108 95,82,317,648,2,0.329072 522,103,795,677,0,0.309296 479,124,624,621,2,0.283997 843,429,868,464,1,0.250982 310,18,482,546,2,0.250822 509,35,786,652,2,0.176978 835,410,869,459,1,0.154178 0,83,100,492,2,0.128436 593,346,624,438,1,0.100921
/content/drive/MyDrive/Datasets/door_dataset/images/c12ffcfe0986f3ed.jpg 565,308,766,768,3,0.239859 96,0,665,639,3,0.103732
/content/drive/MyDrive/Datasets/door_dataset/images/c8c31e9cb1954ee8.jpg 840,385,998,486,2,0.830467 802,497,957,598,2,0.628185 855,265,1024,373,2,0.600299 916,273,1006,314,1,0.560172 842,503,913,543,1,0.489482 885,398,965,444,1,0.325666
/content/drive/MyDrive/Datasets/door_dataset/images/dde951a43a8333ab.jpg
/content/drive/MyDrive/Datasets/door_dataset/images/0c6ebfa015012398.jpg 382,339,449,557,0,0.225847 852,331,930,489,0,0.192078 351,268,481,598,0,0.184610 466,466,499,496,1,0.184296 340,353,396,543,0,0.141323
/content/drive/MyDrive/Datasets/door_dataset/images/abcfcdbdb56cfdea.jpg 694,81,842,587,3,0.279718 861,265,988,675,3,0.130895
/content/drive/MyDrive/Datasets/door_dataset/images/images11.jpeg 189,111,198,124,1,0.551311 0,83,91,224,3,0.117686 85,108,180,222,3,0.103003
/content/drive/MyDrive/Datasets/door_dataset/images/daa62fa745f83a8e.jpg 478,50,615,293,2,0.989912 320,45,456,297,2,0.980233 144,41,278,471,2,0.934366 663,839,810,952,2,0.919146 695,871,774,909,1,0.886306 651,68,762,471,2,0.873168 693,765,777,802,1,0.798987 662,742,817,822,2,0.779116 549,359,573,486,1,0.645275 902,330,1024,859,3,0.590805 446,221,470,271,1,0.510408 6,0,108,469,2,0.495310 564,358,587,486,1,0.443608 644,419,666,465,1,0.397096 260,418,283,469,1,0.374814 466,220,487,269,1,0.364137 18,426,55,503,1,0.334237 438,222,459,272,1,0.329717 165,834,198,875,1,0.300085 42,7,148,499,2,0.204283 138,823,212,886,2,0.193679 634,422,653,464,1,0.149857 263,402,294,482,1,0.116770 531,370,561,475,1,0.115419
/content/drive/MyDrive/Datasets/door_dataset/images/0bb80f98e936566d.jpg 136,397,166,464,1,0.272609 146,406,180,458,1,0.272484 864,404,888,446,1,0.224933 876,406,903,448,1,0.117989 30,77,158,600,0,0.115798 240,86,346,558,0,0.112065 903,192,1024,609,0,0.105464
/content/drive/MyDrive/Datasets/door_dataset/images/0ce502937920c74a.jpg 503,20,581,144,2,0.768487 559,12,663,168,2,0.739022 9,111,87,274,2,0.572376 827,663,883,722,1,0.345091 77,24,199,262,2,0.284952 53,96,127,257,2,0.197902 138,53,209,248,2,0.158332
/content/drive/MyDrive/Datasets/door_dataset/images/0cc938deed7254e2.jpg 705,100,772,252,2,0.274106 343,425,440,555,2,0.198037 388,50,446,199,2,0.158557 311,45,372,201,2,0.116296 616,99,691,251,2,0.113376
